-1.4030921797676732	-0.2101808256313659	2.2661024329534567	-2.634557362048387	0.4195985890742293	2.7382411289943356	2.054753695967558
-1.4030994931868683	-0.21017858211378634	2.266099670972751	-2.6345520799388185	0.41960065331169827	2.738241183979303	2.054747021812799
-1.4029060603512749	-0.21018528781723955	2.2659381115370487	-2.6345356528017576	0.4195995931890276	2.7381653788360385	2.054761033246945
-1.4024201676802854	-0.2102845229591048	2.2654954348362706	-2.634408979565582	0.4196007859921095	2.7379164029622016	2.0548283093632937
-1.40137440324636	-0.21045271555302908	2.264518547227217	-2.634167842448455	0.41960216947807927	2.737498191932244	2.0549953713701665
-1.3996840987378618	-0.21070942197388248	2.2628495815609595	-2.6338880169028296	0.4195931238171467	2.7367433156895364	2.0552928775514503
-1.3971682024427774	-0.21101264017123372	2.2603243228318206	-2.6335618054972554	0.41943111525323495	2.735608807084158	2.055660821945517
-1.3936617485352498	-0.21139563880471682	2.2568529838949827	-2.63308024948182	0.41917468801186275	2.7340313273274073	2.056207093365347
-1.3890941479640542	-0.21194458299181582	2.2522839837827084	-2.632383757379814	0.41880703816356607	2.7319661398819255	2.056905952107812
-1.3833456558397699	-0.21270721253670075	2.246518679995563	-2.631455631675008	0.41830742174652547	2.7293804161556445	2.0578145130865666
-1.3761448194348007	-0.21367014550259417	2.239530675562645	-2.63029672518628	0.41764330147288864	2.7262357554005825	2.058899834307641
-1.3675686332203216	-0.21484020459247852	2.231159712362912	-2.628845251705728	0.4168474989909842	2.7224335816766514	2.060183886148359
-1.3577614933939264	-0.21623147761163566	2.2209728286068064	-2.6272852168659493	0.41597028738496195	2.7179614486042496	2.0616726262684892
-1.3460462972829208	-0.21780721004082496	2.209505376509865	-2.6253644324449046	0.4148553933791447	2.7127462852920994	2.0633852302510034
-1.3327401064839386	-0.21962531301773044	2.196300551777486	-2.623134885186379	0.41366711315289306	2.706730300194934	2.0652773882815723
-1.3177917576255955	-0.22165772790322458	2.1813595491573965	-2.62074567677935	0.4122579364394593	2.699989350796758	2.067393032565708
-1.30115966936632	-0.2238944939336359	2.1644495354365536	-2.618007696684906	0.4107082726553817	2.692411725026911	2.0697141420139613
-1.2825257373387262	-0.22648122885911218	2.145907210132772	-2.6149388242520892	0.4089416819933027	2.683965248408683	2.0723093316422867
-1.262096681997018	-0.22930423390937904	2.125499076357805	-2.611478419365862	0.4069694204912198	2.6746258428775955	2.0751638564874573
-1.239942897211438	-0.23249899016124823	2.103021689917462	-2.6077574713805443	0.404871025878987	2.6644123044380983	2.0782210893842623
-1.2158428454595103	-0.2358898804924999	2.078636931052867	-2.603765010577524	0.4025588178744077	2.65330726599679	2.081445082486072
-1.1898713063046187	-0.2395103740810081	2.0522717399203363	-2.599387192596596	0.40010947310509126	2.641222348462763	2.0848513064462613
-1.1620200328169612	-0.24359875826324717	2.023952127783119	-2.594600776026824	0.39744244558785863	2.6281574615499124	2.0883749826581255
-1.1322723139552435	-0.2479095043248117	1.993722183419275	-2.589578199323903	0.39458597517831967	2.614260826651917	2.092083804767002
-1.1007157151114266	-0.2524956942569349	1.9615046188278338	-2.5841936796575546	0.3915560391616574	2.59937025359706	2.09609925228223
-1.0674539427607597	-0.25739778967349575	1.9272603103843355	-2.5783061052571967	0.3883110851896168	2.5835332291288027	2.1001612849750964
-1.0323825979575132	-0.26265152650675694	1.891207707469118	-2.572310594910972	0.38490927250440693	2.5666730977560572	2.1043108647192015
-0.9955669746877319	-0.26813448182781346	1.8532851708647609	-2.5658333018375328	0.3813186213527666	2.5489397659040547	2.1084979609472065
-0.9571842682359499	-0.27403918603244354	1.8134400798103818	-2.5590400506041266	0.37762498635737884	2.5303404538233103	2.112781128874166
-0.9171465044690633	-0.2801193112860036	1.77199862638857	-2.5518722406162944	0.3737575187060831	2.5107791848348224	2.1172951362888948
-0.8757467698827877	-0.2867084180703574	1.7286683697002088	-2.54452194233187	0.3696689869133251	2.4903187714580683	2.1216616783356947
-0.8328420743051799	-0.2932963693107089	1.6838294410320893	-2.536765476941829	0.3654065681330511	2.4689775058666408	2.1259544065275056
-0.7887147189881095	-0.300458665275376	1.6373873556104994	-2.528629371076635	0.36110151176691496	2.4468762119342014	2.1302453176750977
-0.7433819568936829	-0.30777737689638307	1.58943607600919	-2.5202746101561666	0.3566242011246623	2.4239251565976287	2.1344874069152158
-0.697091441817452	-0.31543273904691327	1.5400809607288242	-2.5117410629230994	0.3520619675893456	2.400175134935646	2.1385881663230615
-0.697091441817452	-0.31543273904691327	1.5400809607288242	-2.5117410629230994	0.3520619675893456	2.400175134935646	2.1385881663230615
-0.6497711179646102	-0.32324552633463816	1.489579291381166	-2.502711861662142	0.3472986642643871	2.3756803168446394	2.1425467633405457
-0.6016677733704303	-0.3314194583440852	1.4379082045644456	-2.4935170411496097	0.3424497042377236	2.3504322827064987	2.146191123830247
-0.5529612248739285	-0.33988916072236036	1.385263328812721	-2.484196307568019	0.3376158237959765	2.324612062293948	2.149662435270524
-0.5037299761336416	-0.3485320140212133	1.3316621431354618	-2.4744676814408284	0.3326440329275144	2.2981702174510907	2.152873943787983
-0.4543012615912837	-0.35750005854808975	1.2772775868273798	-2.4646626675731333	0.3275766586092096	2.271048718767408	2.15579703429189
-0.404683737840667	-0.36662416878074083	1.2223447686602515	-2.4546397906229442	0.32247351876781044	2.2435671398920523	2.1582274635390366
-0.3550394171110739	-0.3759897616715624	1.1669842071869971	-2.4442989533491954	0.3173811026429112	2.215560927889709	2.160285333620901
-0.3057703153328634	-0.3855264313440294	1.111329209444598	-2.4340353944383786	0.3122762517559518	2.187133176805176	2.1618064994170028
-0.25687364503683446	-0.39522292780125146	1.055570321082329	-2.423510856043734	0.3071085713906229	2.158417320325902	2.1628155741660455
-0.20869588577323428	-0.4050883378407679	0.9999833977864229	-2.4129150493415974	0.3019845280002054	2.129369082916734	2.1632304321428086
-0.161444425898238	-0.41514565538159187	0.944592407072215	-2.402310865498681	0.29693939871693686	2.1002389761101066	2.16322346361718
-0.11532819494108898	-0.42539377632726444	0.8897035954262902	-2.391461856934681	0.29194620877703986	2.0709235554213516	2.162319151794922
-0.07060890145171717	-0.4356880195898458	0.8354825373340933	-2.3808416564309867	0.28698186125530195	2.041584893026265	2.1606170371145215
-0.02742477658041235	-0.44610818455434187	0.782301968849455	-2.3700718110770618	0.28217066604197344	2.0122753217104044	2.1579933139470806
0.013752515107162714	-0.4566338408360491	0.7302022058335252	-2.359443116912058	0.2774506414021606	1.983134674657498	2.15441490565869
0.05279225419185356	-0.46709236585576774	0.6795380727694873	-2.348872599255026	0.27291879444416167	1.954173272234653	2.14984917436196
0.08935230727751803	-0.47773661368204756	0.6304331119974385	-2.3382628394505094	0.2685418654531657	1.9256021887331303	2.1442798441605873
0.12322566364408351	-0.4882320411947685	0.58330203373272	-2.3280040720967015	0.2642836519375991	1.8973438804951819	2.137456886831796
0.15402483492778712	-0.4988011464282497	0.5383406468452389	-2.3178065016880396	0.260361763150143	1.8696637695915455	2.1294009132600595
0.1814962599125435	-0.5093544792769447	0.4956960081922578	-2.3078676637532607	0.2566369955244082	1.8424731588218097	2.120293719230306
0.20572677152083374	-0.5197559441077488	0.45544808340551474	-2.298166141691679	0.25314470800969646	1.8159702340685513	2.1095819253992065
0.22669579492734268	-0.5302471244075295	0.41740047697399707	-2.28852768998179	0.24986190123565383	1.790164866250461	2.0979527695766493
0.24459410746205087	-0.5404953117475736	0.38165551514877866	-2.2793483456480357	0.24681434455633697	1.764856407612071	2.085058697612987
0.25967752325690496	-0.55071303304962	0.3482281220676537	-2.2702905489569503	0.24399514848426535	1.7401954252436342	2.0709542237891583
0.27159296387337206	-0.5608817175060286	0.31680965871811473	-2.2613522443249567	0.2413983854695289	1.716307299884114	2.0558869272271085
0.2807585075301203	-0.570839721136683	0.2875155839094654	-2.252887016911195	0.23893473047172548	1.6929974141522088	2.0398285122050033
0.28719026190565483	-0.5807248313412524	0.26029322950747674	-2.2444579002372107	0.2367410015434549	1.6703682014622427	2.022657349699137
0.2909494444280444	-0.5904134145094008	0.23500748819095785	-2.236280157397852	0.23468753307067794	1.648405420621124	2.004501758377616
0.2921818513824722	-0.6000039000140424	0.21169227420136266	-2.2285072182253054	0.23275291221979957	1.627114419459553	1.9854024582885772
0.29110527045252993	-0.6094776727237313	0.19034697973283649	-2.22088576028225	0.23104042886415796	1.6065081416271592	1.9654539912141733
0.2873650494222328	-0.6186013480786824	0.1707555596824	-2.2134773066171443	0.2295084136187721	1.5866896665256425	1.9446931035673451
0.28130919999552845	-0.6276636212952261	0.15281260718175024	-2.2064387174134685	0.22806443742417923	1.5675088802591906	1.9230970063545263
0.27300299827855706	-0.6365403717930036	0.13668267461214315	-2.199526436799277	0.22679345793976236	1.549137141725557	1.9007403147099093
0.2625730256963723	-0.6450422545385096	0.1222926891764299	-2.1929864155433894	0.22565103142892345	1.5314050769100405	1.8775874267131478
0.24996955655596448	-0.6534450516264417	0.10940761729235518	-2.1866346694005765	0.22463301465785793	1.5145087995854933	1.853653636729666
0.23556753159209923	-0.6616814097704976	0.098136166122692	-2.1805974411545264	0.22377897625868948	1.4983138419259316	1.8292849294373403
0.2190501902915913	-0.6694198478958987	0.08828237082805585	-2.174834970330633	0.22300243273558384	1.4828591549623347	1.8043494237545572
0.20079476374978494	-0.6769839245995881	0.07987239574327028	-2.1694544916433847	0.2223008599617403	1.4681445914080962	1.7786374897687234
0.18091461861926	-0.6843917320056906	0.07299747459175825	-2.164093418576388	0.2217392962242332	1.4542750568419107	1.752454419134544
0.1593330201192104	-0.6914263493486922	0.06743717415089695	-2.159186694034789	0.22122711069922663	1.441189799068453	1.7259548239694316
0.13602607018962118	-0.6980626923168224	0.06304688249102211	-2.1546479374189818	0.2207749942278077	1.428831268421378	1.698785567004089
0.11137011391596337	-0.7044192560810686	0.05986210851846782	-2.1503114781942676	0.2204047892134861	1.4173894173008685	1.6713123225069422
0.0852867447259975	-0.7105707417881519	0.05794952694175757	-2.146258056948043	0.22008729294013293	1.4067065443495175	1.6435491915471123
0.05798110314265888	-0.7162433095171946	0.05718938091775683	-2.1425015038259914	0.2198548450977741	1.3968466758823732	1.615209510642438
0.029420904967744375	-0.7214885468662751	0.05738473909708028	-2.1390750772066425	0.21964751673486593	1.3878107009738456	1.5868859674028253
-0.00031395603939297104	-0.7265026096604401	0.05850758461174958	-2.135938324522012	0.2194945353326369	1.3796321447770825	1.558096557159397
-0.031110438354537574	-0.7311475372138835	0.06067846201359776	-2.1331224201389403	0.21937284117399206	1.37223448058268	1.5292510378157818
-0.06291472323598393	-0.7353453880307919	0.06377511809125662	-2.130600857340294	0.21924043812425495	1.3658062242382214	1.5000377128650924
-0.09554178768833647	-0.7390492472697788	0.06778564676895267	-2.1284627777275977	0.21914075492857718	1.360202876901373	1.4709237979606204
-0.1289471320173736	-0.7423643057870204	0.07266054118481273	-2.126637588184116	0.21904151971256275	1.355462243339125	1.4415986649619266
-0.1289471320173736	-0.7423643057870204	0.07266054118481273	-2.126637588184116	0.21904151971256275	1.355462243339125	1.4415986649619266
-0.16309362520262546	-0.745326232596248	0.07819465604815398	-2.12510605989117	0.21894505445154266	1.3516420247355463	1.4122969382131267
-0.19792755298735482	-0.7478059351476748	0.08435877812149796	-2.1238742809129882	0.2188338437333073	1.3486931854466782	1.3828230225654072
-0.23322634885135807	-0.7497663075978173	0.09130754454543562	-2.1230614369925065	0.21869160435205012	1.3466688738510055	1.3536291041389052
-0.26896154089550184	-0.75128665563953	0.09871078044044795	-2.122559464326645	0.21853440814275876	1.3455424531633102	1.3243517572526777
-0.30515468439031024	-0.7523523404675332	0.1066948684640287	-2.122292025152305	0.21834318466478242	1.3452784433369467	1.2952443691842987
-0.3415271749185115	-0.752958600055684	0.11533833043626965	-2.122376245545107	0.21810238939367504	1.3458174477343174	1.2661931907262638
-0.37825002236649613	-0.7530373223971019	0.12404999733625553	-2.1227766768616365	0.21780530420850905	1.3474665704461168	1.2374758330183553
-0.415003108624029	-0.7526004897032432	0.13331828856018071	-2.123558095150603	0.21747938076430998	1.3500871070001488	1.2089930823548716
-0.44957156232244505	-0.7517281082985611	0.14246760429605163	-2.1246671111630238	0.21712369783212201	1.3534085842834414	1.1822532901111815
-0.4875164448259827	-0.7501395455076704	0.1523881567495579	-2.1261693485986393	0.21659613576853382	1.358086708307617	1.1535716470141004
-0.5240358010810092	-0.7479670136739655	0.16255852575648416	-2.1280716805447493	0.21602938217300274	1.3635967780472427	1.1258827664410107
-0.5604927428540937	-0.7452262485543686	0.17270719777096072	-2.1303820642007367	0.21534269851039922	1.3701087273692107	1.098754741874066
-0.5966557818542021	-0.7419375661677833	0.18293721068807461	-2.133059089078979	0.21455134474105683	1.377599364762309	1.071916613276022
-0.6322503038559042	-0.7380735676369833	0.19340248828255321	-2.1360637187029416	0.2136877382105791	1.3860991941407041	1.0455605250696631
-0.6675905571655525	-0.7335355856892333	0.203559628030119	-2.1394539089733855	0.21265029859459994	1.3956106952630205	1.0199145978186595
-0.702254007872113	-0.7284027380779413	0.21389261587417988	-2.143238945441054	0.2115144947650269	1.4061648226816734	0.9946042823606923
-0.7361832534591701	-0.7226385438140378	0.22416765199020203	-2.1474646302043774	0.21028438104952585	1.417723398070497	0.9698834260744387
-0.7696046424603112	-0.7161401069394399	0.23399016267072192	-2.1520189662437357	0.20883977861094527	1.430348245042447	0.9458634655176621
-0.8021969582856019	-0.7089349040587056	0.24375097576961158	-2.157022221112317	0.20726870393233968	1.4440542012282076	0.9226194337071979
-0.8337271596101304	-0.7012079367368345	0.2532059058435069	-2.162370686400162	0.20556150788828167	1.4587964696033395	0.9000736693496915
-0.8642485374359377	-0.6928033798265653	0.2624004847148323	-2.167983922531006	0.2037499552611443	1.4746022440122355	0.87814187324981
-0.8937556554586745	-0.683603136392996	0.2713051775890535	-2.1742285556594276	0.2017215953802081	1.4914433846850945	0.8571007185502882
-0.9222430380866486	-0.6736090977475424	0.27949211806524316	-2.1807971084729805	0.19945555627693573	1.5094024300489384	0.8367698355488619
-0.9494480522597997	-0.6629964937047051	0.2872423844458448	-2.1877707127092276	0.19707342919674248	1.528494197496289	0.8174551864334682
-0.9752433540915538	-0.6515738391594738	0.2946192820486595	-2.195096913971791	0.19444636917301783	1.5486873559499925	0.7989983585194538
-0.9996422809610762	-0.6395546699828294	0.3012925367895542	-2.2029117789082475	0.19161227354960822	1.5699806215679581	0.781601700377531
-1.0226226669258491	-0.6265701937221921	0.3072859896451737	-2.2110956659076306	0.1885994207299253	1.5924047548079996	0.7650585618355273
-1.0440150164541282	-0.6128430052245689	0.3125986638254584	-2.2197714970239932	0.18531777128077198	1.615955917070615	0.7495752935386379
-1.063846138153464	-0.5984198069692626	0.31710077941915493	-2.228919503779415	0.1818458202165157	1.6406767661844543	0.735064696302837
-1.0817668682818151	-0.5832399714226887	0.3207909603040397	-2.238320360485778	0.17812879263613213	1.6665126435001092	0.7218798436442679
-1.097777122291404	-0.5670777295843744	0.32373839178116215	-2.248193511399278	0.17419151177129596	1.6935295388422464	0.7098642567496537
-1.1122222451414028	-0.5501617660536672	0.3255850534686164	-2.25868071396985	0.16996131731335262	1.7216924353990304	0.6987561089496722
-1.1242218548949594	-0.5323612968030951	0.32663868628652715	-2.269450783940458	0.16547833470992404	1.7510553450549569	0.6892437116103499
-1.134500413141309	-0.5137580187227443	0.32658211636487194	-2.280687566276561	0.16076399613758918	1.7816445465923838	0.6807369766316189
-1.1424170388031178	-0.49423575489736304	0.3255159909100201	-2.2924180870286386	0.1557755299679142	1.8133239154801364	0.6737316162713863
-1.148058518724076	-0.47392424787919835	0.32340083109166595	-2.3045463758039277	0.1504118905869415	1.846325592965669	0.6680154966561915
-1.1514633457617711	-0.45266588349602843	0.31987430390711097	-2.317169656853299	0.1447701864373347	1.880463043397819	0.6636788242936226
-1.152483989588351	-0.4304548188852236	0.31502530145136637	-2.3301807954011857	0.1389107269086167	1.9158821887467519	0.6607219772649768
-1.1512768891042902	-0.40744591000971403	0.3091544941820153	-2.3437561073075064	0.13268724560717707	1.9523141372716224	0.6592209401924971
-1.1478049561846269	-0.3838255005687347	0.30215821039525564	-2.357478841384139	0.12629990153319218	1.9896337403022737	0.6588592695788137
-1.142885691992954	-0.3611135678156061	0.2947224144273898	-2.370740583647255	0.12011451524489761	2.025295059719782	0.659227003715422
-1.1352709788268722	-0.33451985215553304	0.2853691785037788	-2.3860914286268162	0.11279988693950103	2.067032995929439	0.6612259041968775
-1.12672093809585	-0.30982011253675484	0.2760446195672832	-2.400428373276605	0.10596651818502588	2.1054935307875775	0.663977963239163
-1.1171194510488793	-0.2851058483864109	0.2659013247586808	-2.414593405670781	0.09918968876176752	2.1440446324742397	0.667497610148987
-1.1061880045047978	-0.26038223292838164	0.2556985663489717	-2.4288398568421092	0.09227217436225722	2.1823510436784668	0.6716887560587156
-1.0944034127776034	-0.23593343300845693	0.24500376515205874	-2.44285088030255	0.08543733636359234	2.2202853444911876	0.6763929952663157
-1.0820442741109053	-0.21172638008026443	0.2339476097327209	-2.45667795004041	0.07872779600131048	2.2577558370309307	0.6818002371191441
-1.0690100280383927	-0.18793044002681628	0.222838462757895	-2.470310445702587	0.07196178641733869	2.294445459881808	0.6875296479627684
-1.0555478278478265	-0.1645750790568258	0.21168389277395513	-2.4836323964155964	0.0654149384893583	2.3304045173633794	0.6934678788466805
-1.0418515172104503	-0.1418178789596467	0.20050951293707625	-2.496587832907467	0.059034313602667074	2.3653313588945637	0.6996498002634932
-1.0418515172104503	-0.1418178789596467	0.20050951293707625	-2.496587832907467	0.059034313602667074	2.3653313588945637	0.6996498002634932
-1.0279344483891635	-0.11975992016652807	0.18949194109273212	-2.50917774834154	0.05271877596748314	2.399250919129086	0.706233484906351
-1.0141829457241949	-0.09843239324720758	0.17845856790623577	-2.521304050689777	0.04670407832215653	2.4319884247933032	0.7126480785808084
-1.000206376175394	-0.07785278764110867	0.16791580021376815	-2.533012848197618	0.04085530974666039	2.4634349351703264	0.7191283166053627
-0.9867429253637172	-0.05821996594224945	0.15735420735705916	-2.544088522698131	0.03525981045037357	2.49354820491703	0.7257318942561451
-0.9733144919441341	-0.03939919691473575	0.1474535557798439	-2.5548065062746246	0.02988265825330849	2.522154596390581	0.7320593006922035
-0.9605339068412733	-0.02165776609060185	0.13764178347253975	-2.5647803843260335	0.02489452911750412	2.5493579169653593	0.7383161229923939
-0.9480298101380238	-0.004901483673794687	0.12845617109081206	-2.5742812692997097	0.020095200835412608	2.574962932966928	0.7444804816431954
-0.936094293997033	0.010897407879649672	0.11966406398114028	-2.5832649868047413	0.015536962208170446	2.598940876205778	0.7503522371893097
-0.9250702029165708	0.02517754759318687	0.11170332230457854	-2.5912163585373955	0.011451792858563084	2.6207327306320978	0.7556494156284788
-0.9141419906464173	0.039195202685743745	0.1035993208967221	-2.599245130755516	0.007431597234980473	2.642099542774526	0.7612063455754422
-0.9041474320289541	0.0517898976775512	0.09644393282693466	-2.6062985631173854	0.003857215136987396	2.6611720956142526	0.766182568885912
-0.894740779991288	0.06326999498189886	0.08992475316703423	-2.612729145773648	0.0006085913773184963	2.6786033715911612	0.7707459194508011
-0.8864398617840996	0.07352745272521954	0.08365300134347656	-2.6186263631658293	-0.0024172729372304858	2.694382155822926	0.7749549827987899
-0.8786953857411266	0.08301499893869335	0.07819257384287046	-2.6238636818315633	-0.005140460875195625	2.708513120032356	0.778822020994785
-0.8715496673827032	0.09128576880265679	0.07351747716124322	-2.6285622899725363	-0.007549006395294667	2.7211130435995097	0.7824357389304147
-0.865467777199674	0.09845280652837933	0.06904042495393249	-2.632610819599067	-0.009630926522020487	2.732167565992534	0.7855478729755705
-0.8602059746140884	0.10489520958896588	0.06511545342362704	-2.6360983891399155	-0.011416247036947602	2.7416773393463094	0.7882735237793549
-0.8554981675850145	0.11022838284766232	0.06194541982482171	-2.63918335729581	-0.012927215328064857	2.7498170440894194	0.7905734219936696
-0.851454778230979	0.11462976337189104	0.05936051816397104	-2.6417009246205643	-0.014240194666980923	2.7566475805202777	0.7925189235817054
-0.8482901020538159	0.11833558938671192	0.057081804207703264	-2.6437644117560253	-0.015276516493292428	2.76214750093	0.7941502433755678
-0.8459895396285025	0.12107118444196002	0.055338904147062	-2.6452860308097637	-0.01604821390943602	2.766214353149863	0.7953506041085479
-0.8437970135123838	0.12347582347750462	0.05381709186969637	-2.646645471941763	-0.016752966877505247	2.769878102929103	0.7964457719757617
-0.8422577849215604	0.12503169744217255	0.05288898822235969	-2.6475015842472716	-0.017223716452660576	2.772310628019211	0.7971985118061677
-0.8413009795103199	0.12608267797422784	0.05222736004391818	-2.648105430421709	-0.01755943121849881	2.773933262060727	0.7977053768288955
-0.8407445382274525	0.1267444926247223	0.051764169932313434	-2.648496120999087	-0.017728777511814568	2.7749190283459093	0.7980490237917945
-0.8403876724518451	0.12711696178189233	0.05146937000799225	-2.648747417982464	-0.017807260531053654	2.775416609786888	0.7981910277584131
-0.8402330269011761	0.12733900922762578	0.05144386822737888	-2.648790681827724	-0.01784751283142432	2.7755897596226866	0.7982536441448522
