0.0005551552484239533	-0.0002328827805212349	-3.0282275550990438e-06	8.825206408480462e-05	0.00013325388554996943	0.00011362082771442013	0.0029177364789548348
-0.001615745497135579	0.00027108930335046787	-0.0013909265937844407	0.0008612028309572404	0.0005129793430952728	0.0006730156875456851	-0.0016953544831462676
0.008786446105635478	-2.6419597491641523e-05	-0.008617290565420186	0.00048579523308641244	-0.00012037485820467175	-0.011080881577720931	0.0008731187557355527
0.021535505620175678	-0.00688334703520619	-0.0201271926180112	0.009440440184290485	0.0005022855369686749	-0.0014509795214676983	0.003907513538083038
0.0385987620255253	-0.0067537464748363436	-0.039499534349618504	0.007641475199480829	0.0007976871768726067	-0.02061765792773636	0.001598843505335009
0.06256921674983743	-0.007551225798385439	-0.05972809790336698	0.015811107555171473	-0.0002433212331087256	-0.028783121020267678	0.014114643089966494
0.08630162502240693	-0.008969716457789236	-0.08514572158188632	0.0077073296966441406	-0.012288360616226521	-0.03653825669030496	0.012041563511891716
0.11659568075683804	-0.015978915279749772	-0.1188732197800418	0.012387264310718139	-0.012101595571317816	-0.05097263731901912	0.022769149231102265
0.1485033689411802	-0.021502541252622225	-0.15067857980674595	0.023343080849939635	-0.0173905578922863	-0.06594671894510111	0.026464212057916013
0.1871834321102659	-0.024226219750843565	-0.18646382581639645	0.02959301025500256	-0.014441868602994325	-0.08077215919096016	0.036969278928791066
0.23310439586643744	-0.03198061947266033	-0.22377325034656045	0.03612226455624524	-0.017457734774889405	-0.1019818716266839	0.033099056456798136
0.26444949614541224	-0.03284100452129697	-0.26630130566036775	0.04378465565481991	-0.02012997732507682	-0.12861274806376682	0.042842289699944296
0.3064202340664801	-0.04528215155668921	-0.3146300862227754	0.05109612045332819	-0.03158779335331492	-0.13777326099338663	0.03446871027971074
0.36403475580838734	-0.050963721225275906	-0.3467570336343021	0.058159825210644236	-0.0352978504737031	-0.16713238943872724	0.06021406695226757
0.4014763268865251	-0.05343211989889368	-0.4177275432627487	0.07014328270403085	-0.03843354060358015	-0.17986334011105423	0.06014536548798725
0.45935872305360004	-0.06247969583946353	-0.4524143927563642	0.07048108806942865	-0.04221722986588108	-0.20575219952186352	0.06239786602448543
0.5101565328530351	-0.06621426484793984	-0.5171663233129274	0.0831046127059558	-0.05361697744992059	-0.23835010158169276	0.07194223189948858
0.5566036741740087	-0.08384985624462336	-0.579637278920829	0.09265678024590125	-0.04844721883732035	-0.2563502833501139	0.08150323682800925
0.6262924970983184	-0.08741138172183843	-0.6191980862788153	0.10904440781289454	-0.06060132497443239	-0.2895478168863363	0.086745903652992
0.675036826435431	-0.08794619626645965	-0.6685046716185375	0.11283723881827616	-0.07154384054169649	-0.306502159067384	0.09525081402620222
0.7362408850271324	-0.09797520441602774	-0.7150994796050703	0.11592386199628944	-0.06849549478901552	-0.34359179478615853	0.08991877349546784
0.8061582156080132	-0.11390262961790772	-0.7779427040049514	0.13153883276479184	-0.07279433118105577	-0.36304179822695426	0.10653104393010733
0.8477483682414091	-0.12483275176125207	-0.8487307856135745	0.1421775146002273	-0.08586797151291446	-0.3988384452620863	0.10155084541996895
0.9079953914515382	-0.13178337629469566	-0.9092108054346805	0.15114745085964898	-0.08796339404682015	-0.4249581666348089	0.10833125329643918
0.9485006466130198	-0.13786408946165934	-0.9692837015312815	0.17480644999326553	-0.09300779806397427	-0.4436129102239603	0.11760015018136243
0.9849862427567888	-0.1521789162303033	-1.0248241059698442	0.18058144942818663	-0.09351322144576434	-0.46829220822181256	0.1251080489993273
1.0516812344156263	-0.15476676833308878	-1.0710270843762761	0.18112898456755325	-0.10767653636711565	-0.5050636394709042	0.12693918125323422
1.0968210472706839	-0.16369913316015883	-1.140484221829428	0.19245930772356504	-0.10241303911888626	-0.5336790581808081	0.11838834141922452
1.1393612882320778	-0.1813366486647451	-1.191564222229674	0.2007516831769621	-0.11110403407212265	-0.5677465908681136	0.1333712434462222
1.195088394787108	-0.1783977227584245	-1.2254069354080805	0.20971938990765174	-0.10816255099169662	-0.5915690267062855	0.1369881422072376
1.2299559934197302	-0.1983442874619263	-1.2845922922195738	0.22188431239166106	-0.1208573230136918	-0.6025340797102952	0.12563934380455608
1.2535216971898973	-0.19862946571808257	-1.3524655374639878	0.2308155505966319	-0.12865118739022005	-0.6468161110645196	0.11631016936167325
1.313468305792468	-0.20237882561778126	-1.3569757910897071	0.23632863502479717	-0.12903696823015143	-0.662702120991152	0.12762341237690444
1.3648676045276298	-0.22901131991807383	-1.4208114495688853	0.2495723213507321	-0.13486514183404347	-0.6728993608056145	0.13123770130615886
1.3783844886129173	-0.24369241591110427	-1.4793911586400528	0.25576710575303413	-0.13404357357858104	-0.7009039685865416	0.11903018136045113
1.3783844886129173	-0.24369241591110427	-1.4793911586400528	0.25576710575303413	-0.13404357357858104	-0.7009039685865416	0.11903018136045113
1.3934341914362356	-0.24137044390838677	-1.5251058760349154	0.26270454205669547	-0.14320954705390007	-0.7269873812238432	0.10852782621363646
1.4306603201170793	-0.23987944824696372	-1.5342307692867059	0.2723552703541398	-0.1410493309877987	-0.7481016084493393	0.10406861996537485
1.4203590203321457	-0.25117986573676826	-1.5610744247059507	0.27210459212102733	-0.14216527819694855	-0.7600972650404021	0.10595457528500624
1.4517850852357588	-0.26280128828595783	-1.5826955795558109	0.2938248439593583	-0.15705561169494842	-0.7826730467841184	0.09196977232502294
1.4549059375776592	-0.2755589694926194	-1.623499603922181	0.2907336189091326	-0.1448105539275408	-0.8037737897937918	0.08135413829323916
1.4601154934006648	-0.28645669798638945	-1.6146587953377167	0.298161508955793	-0.14615638079141058	-0.8231716554799533	0.06506043804416091
1.4598041291660397	-0.27880476384614167	-1.640536535796905	0.3042961284322742	-0.1498681861426716	-0.8167699815789826	0.0548925831221515
1.4388053391418416	-0.2869651709940109	-1.6104510826837208	0.3047399428080381	-0.14852054352579283	-0.8307841033188497	0.028116855035463365
1.4121392045466328	-0.2797607853126492	-1.641397304347534	0.3082759555365163	-0.1485197274860393	-0.839822337315786	0.026964626541176
1.3763012244825956	-0.27995518509455986	-1.631361500223707	0.30630247114885484	-0.13731551312385534	-0.8549807319406728	0.00618617040262194
1.373375390789907	-0.29059374102930363	-1.615533765411186	0.3174102007819562	-0.14435495459753467	-0.8520457373169142	-0.004156063018516518
1.322269743020438	-0.3067766667470385	-1.566939150104022	0.3102342076129357	-0.14474885467581802	-0.8576515818042025	-0.04120321377492038
1.2803669212753834	-0.32043365784422567	-1.5739991004641771	0.31621807999489926	-0.14775631086265262	-0.8586403948253705	-0.05499458406618768
1.2367013301286467	-0.3156286742717384	-1.5496501600596737	0.3256267929170209	-0.14451836524443507	-0.8535671565734977	-0.08818238058046365
1.182221982336521	-0.31124987518398395	-1.5113913143500461	0.3036121307324014	-0.13764888331098446	-0.838724969919144	-0.11986362359212144
1.110049658883642	-0.31020910741330165	-1.4726805592767793	0.30755025410494286	-0.12841868702634343	-0.8411727009835471	-0.1391528335823392
1.0194497181162396	-0.31148329468118435	-1.4222834820808654	0.3014767582639205	-0.12291742147154802	-0.8368805198273601	-0.18057552779288302
0.9593365306973215	-0.30801989390029305	-1.3520085341779007	0.3043495541086865	-0.1181634427022163	-0.819681440180551	-0.22078164657335306
0.8792616688060316	-0.30685557180204853	-1.2796354888334025	0.3019818666335869	-0.12276862932392299	-0.7872321637285428	-0.24949331296333147
0.7702252690849726	-0.3013412333712428	-1.216432437055767	0.282080119623462	-0.0997174013832244	-0.7829466589144246	-0.301729082209546
0.6791321714520577	-0.3001233771017505	-1.1444427668259947	0.28411690294804987	-0.09946484581891586	-0.7781551369063472	-0.31413533906812685
0.5792860175402404	-0.30420213698562076	-1.079104948474654	0.28288726536659925	-0.0924806866900477	-0.7395820132982404	-0.3716429106428957
0.4936269869572377	-0.302356181954042	-1.016280820097769	0.27518959657508896	-0.08988700455666883	-0.7291799842701032	-0.38177606212781967
0.4035505643534746	-0.3047444688682876	-0.960961716944929	0.2636085085501702	-0.08204624876314909	-0.7175185549540188	-0.43459149149384363
0.3141256469961297	-0.293543905647669	-0.9002805814373664	0.2538613055949126	-0.07694401743246032	-0.6993882401056419	-0.4733914094392317
0.23334373612603887	-0.29691657530684334	-0.8286813858005734	0.2498259774561222	-0.06851387734369517	-0.6713336537979495	-0.48942640819496624
0.15219610243071469	-0.2906587969756523	-0.7878805444648981	0.24051792341906617	-0.0688264660477947	-0.6438142011113646	-0.5136758636144219
0.07542536751296974	-0.2755863379563848	-0.7218184793890541	0.2360767493358704	-0.06394473003670909	-0.6283277925307946	-0.5243070398848102
0.00794716816381229	-0.2799499978663018	-0.6673214863250153	0.22665893521238	-0.05422664234240043	-0.6081650950481252	-0.5549493009067579
-0.06393990344742773	-0.2747197859527725	-0.6084647688321163	0.21835436595470092	-0.053074721054133994	-0.6013036621220664	-0.5807703786018902
-0.1338608952723477	-0.2676646456929027	-0.5520926456414635	0.2049591357121586	-0.05127181272636739	-0.5695043259343375	-0.5938156360452167
-0.1978135210115757	-0.261316709255596	-0.502407050748986	0.20495360778870497	-0.04021061882034723	-0.5698235822999883	-0.6222932586497789
-0.27092203871378673	-0.2516253445888979	-0.4598060326138153	0.19533081082461484	-0.037115233651610686	-0.5333001263457855	-0.6603265884846562
-0.3408989435654519	-0.2445033835720178	-0.4017526578283703	0.19471983869162648	-0.02382602106975916	-0.5147962916470739	-0.6891123005665369
-0.39081382811642557	-0.2429672890681712	-0.35361313072562506	0.18152555457526304	-0.02244929606706983	-0.5007045103807769	-0.7153805028714928
-0.44798977447212185	-0.23291181824682158	-0.31862188281638637	0.17332288326356793	-0.02671432041559165	-0.46064097123480596	-0.7229968234134779
-0.49018934761794747	-0.2246718540143845	-0.263153416651429	0.1699201459285018	-0.021044726729832135	-0.4438410554563553	-0.7227649461029393
-0.5583821238525869	-0.21363438625449635	-0.23156525230910438	0.15397247493511762	-0.01893973454694239	-0.41873191025144996	-0.7770782485505876
-0.5988495007952784	-0.21047070887488936	-0.19068754491747408	0.15866327337193378	-0.015043681953383454	-0.40230967755440594	-0.7773889407311696
-0.640711374464333	-0.1958701956547417	-0.1430407119529503	0.14493103602703328	-0.011821416355333144	-0.38469808997454774	-0.7772901279182322
-0.6869576982294612	-0.1899452758318123	-0.10642772317703449	0.13592063254503226	-0.01155672330826382	-0.34825523137661973	-0.8105863851320261
-0.7152179573307785	-0.1873755344497843	-0.07663979046981292	0.12414047013661571	-0.00609374848901954	-0.32674061873168314	-0.8073741517353555
-0.7542994153158891	-0.1731077692276871	-0.03654115512708343	0.11696660118926357	-0.008049411403976636	-0.3011211061035525	-0.8201344343733816
-0.7991126825602259	-0.15924054950547703	0.0006771810818446741	0.10713842195842616	-0.012249129150192608	-0.2828156715619424	-0.8457204743775252
-0.818820973578228	-0.15382136016677206	0.020337842275908746	0.10096360805899515	-0.008685479319328098	-0.25483553592328084	-0.8326260386921674
-0.8845688527220227	-0.14381319332822062	0.048247179063408085	0.08181734700017375	-0.0016083137565012068	-0.2308183112659141	-0.8611153971195454
-0.9128033374765832	-0.1303863597558292	0.0725928128561965	0.07908844660450812	0.0002222692264472156	-0.20364526696094598	-0.8339310918206448
-0.9474343395793576	-0.11565435581463873	0.09515448401453631	0.06632438682343969	-0.005574180638695073	-0.18151575381440727	-0.8704201147128505
-0.9676680482449526	-0.10115067734743813	0.13053354205908793	0.06227916853218902	-0.0018526270933049917	-0.15557319018704382	-0.8568157471802185
-0.9924706511508004	-0.08980410194766342	0.1557078883161862	0.04939504360757821	-0.01124671550928608	-0.12802268738989694	-0.8633926756177556
-0.9924706511508004	-0.08980410194766342	0.1557078883161862	0.04939504360757821	-0.01124671550928608	-0.12802268738989694	-0.8633926756177556
-1.0226749957196404	-0.08480314603385869	0.1624020381465959	0.04112716959672356	-0.0024342407205798604	-0.09888104518155306	-0.8341308510894191
-1.0412288067316935	-0.06639452768168672	0.1849040384048809	0.031563394015050254	-0.002680662405832975	-0.0757950991271861	-0.8610187377385455
-1.0398171304867303	-0.055959933737747616	0.22119267111970592	0.021415623367308283	-0.001320421161845795	-0.0460698235041985	-0.847936470734167
-1.0545590744772753	-0.0389655335808491	0.21816417472143054	0.012575477756641137	-0.00496197717030092	-0.02772114033700375	-0.8623292530495867
-1.0629947160016915	-0.022174333973942077	0.23722064173147578	0.0037730417192860777	-0.012754468752875846	0.006356619631131008	-0.832417325558885
-1.0614956360378034	-0.013244321010549957	0.2626921824545351	-0.008279836912727835	-0.007654333536217418	0.034249465010639885	-0.8619363224640751
-1.0821596962881437	0.00889043600795471	0.25315924154439146	-0.010405075638390276	-0.01645432613482486	0.058835136586516755	-0.8211982000458774
-1.0647640875271764	0.021670738801110912	0.28248299368906665	-0.024672778775232253	-0.006519026254235877	0.09094318567522994	-0.8298685218676082
-1.0753132973798758	0.034445058391347996	0.29048160071260654	-0.034092313411468594	-0.008051410223903209	0.11562240320469268	-0.8205084878600816
-1.075705066054908	0.056479291492944096	0.28006324234377716	-0.047485220019001385	-0.022225975882148787	0.14970723837899688	-0.8117706628185474
-1.0554600369355938	0.06917437402255934	0.31136306105893746	-0.06038205609672849	-0.019634155233225307	0.17373013775531704	-0.8160596031519869
-1.073067870953414	0.08815561940942038	0.28684591684690225	-0.07197525628650835	-0.02824701109381167	0.20561255333747272	-0.7773336813228631
-1.0433697743280823	0.10279070931877698	0.3051015879099306	-0.08250301933576791	-0.02032036289703466	0.240345528692786	-0.7930827504748214
-1.0248619882268937	0.12374117190673081	0.30285596349627925	-0.0976479508474121	-0.022836205153876264	0.25780835613391107	-0.7745751486756259
-1.0261242766623861	0.14171355860161688	0.2825077121855518	-0.10295822697567543	-0.03528966707933366	0.28949692676853095	-0.7224404497683548
-0.9983590254153157	0.1569324513981967	0.31490834479505636	-0.11730448818626366	-0.032955648554437895	0.31917921942340194	-0.7411367808876325
-0.9649702752929852	0.18059852964092332	0.29622218712511666	-0.12984213837463568	-0.030486379893853666	0.3437212051656911	-0.7387513032649592
-0.9861648456066486	0.20082292308112215	0.2718241076523256	-0.13755274154282598	-0.04936916904422326	0.3786751447602943	-0.681191973705809
-0.9486825133347327	0.21797874208853768	0.2819796405583822	-0.15106427253495255	-0.04807650003210877	0.40966746452518527	-0.6658748296854672
-0.8964548021225369	0.22763880694537586	0.2803034297178406	-0.16018579145346049	-0.04694345521644444	0.4407987717357439	-0.6620952374791436
-0.8753935385824474	0.25573474484345815	0.27446547194196014	-0.18229335934539703	-0.05044301660774124	0.4659188580175553	-0.6399853492871503
-0.8655210622788754	0.2849026430278576	0.25481897585809005	-0.18487013528260687	-0.05578597143087867	0.5029973552426837	-0.6152796641959742
-0.825410620546649	0.29857762199075577	0.2261353881123908	-0.1938408522556364	-0.06798512990787654	0.5310566408801398	-0.605116049039087
-0.7978686978614804	0.32083056912515	0.2117985868054523	-0.20693640779721967	-0.07012553512564267	0.5624464622938253	-0.5692827405813987
-0.7486236862274214	0.34149055878689505	0.1990979749110874	-0.21723603554068657	-0.07596642947825143	0.5927969674116933	-0.5392771585692779
-0.7047509000844496	0.3617235966191952	0.17383392437068268	-0.22838879716318639	-0.09350736926149325	0.644165006791021	-0.5045180592351346
-0.647376575886718	0.40144233512664473	0.17431694896666328	-0.24679530814768103	-0.09551652210185134	0.6597164024126219	-0.47531708818215584
-0.5913718314874279	0.40837932545737404	0.15728520256507453	-0.2589407096647825	-0.09534481322613421	0.7033453551722945	-0.4173103910241054
-0.5635049417803766	0.42985405336086785	0.1243999592098259	-0.273476625071979	-0.1086503671627372	0.7258056336689476	-0.4139577408952643
-0.5208158403898182	0.44994470406091047	0.09027430013492649	-0.2892895816762573	-0.10888167284692554	0.7748522850640847	-0.3839855540071568
-0.45446185117133087	0.4852910578581143	0.07575880579694269	-0.28796908511929253	-0.12100136672701498	0.8139011876078448	-0.3270481414574109
-0.3978106761606972	0.505409593190025	0.048504502210343234	-0.307850660739039	-0.1245105081378053	0.8323839828864349	-0.32127567415870995
-0.3342700425601462	0.5284959540676069	0.014556604623671185	-0.3119344277113048	-0.13015688807525	0.8787547616665378	-0.2712730199444836
-0.26893621465527856	0.5559624608623184	-0.009220939483940772	-0.3372099149391314	-0.14284906040406117	0.9127194280090104	-0.2324167244086273
-0.21054212908839381	0.5845491748257542	-0.04158628054700681	-0.3497061405275753	-0.14294541602114916	0.9547523338145504	-0.18272152163993974
-0.13652942221508615	0.6077543884168927	-0.08362343492360282	-0.3758366520668452	-0.15499137983068076	0.9886097030274468	-0.15068350040566775
-0.0769102473621062	0.6339360182714863	-0.12239555105124664	-0.37958910928649187	-0.17408132671798984	1.0052716934407444	-0.10777807344875726
0.003509507734046237	0.664552943985403	-0.15600855740993588	-0.3845626476129965	-0.17003973497043334	1.0497446569001583	-0.06918586097199002
0.0634575621936629	0.6896134084402993	-0.17950899819567326	-0.4129118107799778	-0.18618330617104223	1.0845484154395895	-0.03167804875852996
0.12792436475097088	0.7015248649558504	-0.22064098869951468	-0.40500198011978195	-0.18518057451240263	1.1252444565457278	0.00643385022448667
0.1724704378990044	0.7176065283869959	-0.245203622829109	-0.4201147198403556	-0.19383687546511805	1.129350412468172	0.0332291999861063
0.22513209776490262	0.737102116229194	-0.2679199633653168	-0.40877655003309477	-0.2039541542193395	1.133581863720417	0.06365136382937706
0.26266887092203745	0.7405718159645635	-0.29004498777801774	-0.4159782036411141	-0.20119640483592063	1.1513261452975034	0.08527381077547233
0.29728138077584537	0.7482324134256952	-0.30203804322807354	-0.40997907109743026	-0.19880390710581358	1.1141659176350858	0.10658029917023609
0.33176706186718175	0.7279401882783005	-0.3003676990101552	-0.42015366091459344	-0.19016362854458807	1.12268149701483	0.12733616693619398
0.351250704177893	0.7318589142545415	-0.3198218768051138	-0.41313476293876994	-0.19153178601316045	1.087403354237479	0.14864046391986918
0.3677803582273106	0.708205843372758	-0.3206933295180514	-0.39260458734988535	-0.19248005438952004	1.0882687816061771	0.1669465888604666
0.38378414748448453	0.7042073267479283	-0.3264767876424203	-0.39807201865245506	-0.19294287805492616	1.0556723266390529	0.1745155190215682
0.40858846943742216	0.6804646026804161	-0.3219793910373041	-0.38038405346064136	-0.18632838075011857	1.0436352164927518	0.17913221508670335
0.39515125538921897	0.657286181947514	-0.32581875345071165	-0.3747941523882398	-0.18330964963460739	1.0067300796271446	0.18600716334425318
0.39515125538921897	0.657286181947514	-0.32581875345071165	-0.3747941523882398	-0.18330964963460739	1.0067300796271446	0.18600716334425318
0.39468131416225505	0.6314480600676258	-0.33023506891948984	-0.35716100029204473	-0.1767886031623458	0.9785902344207629	0.18308378004685674
0.40182322603599463	0.6156352782351175	-0.312119248042297	-0.3574708264512431	-0.16317951145636575	0.943389363565609	0.18144638237101135
0.41108110063060205	0.5938873677470544	-0.3013125321909727	-0.338234137160686	-0.16585133600025279	0.8988545812814956	0.19047439769368518
0.39648633609374745	0.5596114754461889	-0.3040044144992085	-0.3231108307908621	-0.16378871852074944	0.8592514872270829	0.1907034798712547
0.39485077535269536	0.5479537379843941	-0.2869725695508318	-0.30700932587903784	-0.1570282904181326	0.8185404213003008	0.17684896383558726
0.36347608716461255	0.513570931174264	-0.29210881295175534	-0.28462252267146115	-0.14038858151303601	0.7689474898632955	0.1802314211694887
0.3658306250730459	0.47695037711549365	-0.25889914169628203	-0.27547860899751797	-0.13296405535480368	0.7286277762776109	0.17053092114673057
0.34813986021909804	0.4623784276243076	-0.2536130430837101	-0.24968489692785514	-0.13055209648205696	0.6940271091497693	0.17030378189272935
0.32515483638107273	0.42263269972072753	-0.24107714876517156	-0.23393756838506863	-0.11566390160550279	0.6296096200712212	0.1625930634856163
0.2992048845888915	0.3864436843034104	-0.22212446668333732	-0.21109511175199538	-0.10864858771561692	0.5880768166840091	0.15376389553006853
0.29426447829887215	0.3589584799870379	-0.19758820412591946	-0.19693157870452555	-0.10234286664217374	0.5294136236548814	0.13797272512461695
0.26840309099952026	0.3269386379855133	-0.17495462268653078	-0.17180101511747742	-0.09313184902920864	0.4928132278398876	0.13353124887631718
0.23454503069680038	0.2849336155528983	-0.17986060497375425	-0.16657770574989814	-0.08503345895562113	0.44103605398278384	0.12110779790647919
0.21893786978562127	0.2700934737547418	-0.14469776366748732	-0.13845740026447909	-0.0737420379500129	0.3945169026697477	0.11689840654359562
0.19261700858992534	0.22766964070462062	-0.12870136293514645	-0.12631308234806113	-0.07440876701179118	0.35279552463020064	0.10181388868902468
0.17194504140988498	0.2064579153849811	-0.12492075611730957	-0.11471045009321927	-0.055618841040623965	0.31090809809629943	0.08924030011593452
0.1409330644523841	0.17698290666238595	-0.10866547272105871	-0.095271203133021	-0.04966198243910546	0.26202407972363145	0.08428338121300417
0.1328743031525043	0.14412297310566913	-0.08579558883028024	-0.07625474765288294	-0.04252790245675628	0.22203693262758892	0.06968139045702376
0.11045495196052714	0.11875922875529993	-0.07141696733030349	-0.06181841559259217	-0.037982352145888215	0.18967139091751228	0.050332196453796545
0.08516732217680982	0.0911359364466313	-0.06258617436503357	-0.058933252219118604	-0.022597048867940745	0.14699750029545058	0.04726158440556986
0.06479955078044657	0.0801583578744778	-0.05192414122425199	-0.0465311209265656	-0.02463336482083221	0.12332061336468475	0.03582291211560388
0.055976870944976956	0.056733417694254	-0.03453722183223022	-0.027861970794713427	-0.008770020498901809	0.0899838437531432	0.029240282874220785
0.03992620716517074	0.04576408035015745	-0.022183396016866804	-0.02353611957075815	-0.013755913998679451	0.06461454240186013	0.01984718018720419
0.023344272818342185	0.019344038962000216	-0.012297540862354734	-0.008332173129068579	-0.010402057753935545	0.04540991924064451	0.014754513031748698
0.013254668451700168	0.013553758673236776	-0.010364762400369253	-0.011202603978309102	-0.0016455827564467842	0.02214109002617387	0.006901838293757248
0.005390241462412293	0.010749637868931754	-0.0022710563026277224	-0.0039144965041337625	-0.004609796478053497	0.0012866525595518316	0.009785370785306663
0.0002078554689639643	0.002360043569425721	-0.0009569884766093839	0.00010311617506060961	0.00022988395121689627	-0.00020673980952168924	0.00713770829730721
