0.027600765228271484
0.06100916862487793
0.09422135353088379
0.1275496482849121
0.16103148460388184
0.1941967010498047
0.2275230884552002
0.26084160804748535
0.2941703796386719
0.3275163173675537
0.36084818840026855
0.3941941261291504
0.4275658130645752
0.46074795722961426
0.4940779209136963
0.5275228023529053
0.5608232021331787
0.594188928604126
0.627544641494751
0.660956859588623
0.6942293643951416
0.727567195892334
0.7608363628387451
0.7942051887512207
0.8275010585784912
0.8608462810516357
0.8941640853881836
0.9275088310241699
0.9608418941497803
0.9941835403442383
1.0274782180786133
1.060807466506958
1.094189167022705
1.1274888515472412
1.160742998123169
1.1943178176879883
1.227588415145874
1.2608728408813477
1.2941718101501465
1.3275129795074463
1.3608524799346924
1.3941543102264404
1.4275195598602295
1.4607219696044922
1.494178295135498
1.5274083614349365
1.5609562397003174
1.5941877365112305
1.6275229454040527
1.6607086658477783
1.6940934658050537
1.7276127338409424
1.7608776092529297
1.7942144870758057
1.8275554180145264
1.8607900142669678
1.8941819667816162
1.9274888038635254
1.9608252048492432
1.9941699504852295
2.0274884700775146
2.060863971710205
2.094182014465332
2.127427577972412
2.160860538482666
2.1942079067230225
2.2275564670562744
2.260929584503174
2.294193744659424
2.327518939971924
2.360823392868042
2.3941855430603027
2.4275615215301514
2.4607372283935547
2.494166612625122
2.5273613929748535
2.5608339309692383
2.5941195487976074
2.6275408267974854
2.660813808441162
2.694164752960205
2.7275638580322266
2.7608726024627686
2.7942054271698
2.827483892440796
2.8608436584472656
2.8941709995269775
2.9275238513946533
2.960845947265625
2.9941787719726562
3.027510643005371
3.0608537197113037
3.0941836833953857
3.1274867057800293
3.1608242988586426
3.1941795349121094
3.2274911403656006
3.260838270187378
3.2943005561828613
3.327540159225464
3.3608338832855225
3.394176959991455
3.4275078773498535
3.4606728553771973
3.4942634105682373
3.5276126861572266
3.5608394145965576
3.594062328338623
3.627528190612793
3.6608593463897705
3.6941018104553223
3.7276222705841064
3.760845899581909
3.794264316558838
3.8276031017303467
3.8608598709106445
3.894167423248291
3.9275217056274414
3.9608466625213623
3.994159698486328
4.0275092124938965
4.0608532428741455
4.09416389465332
4.127504348754883
4.160845518112183
4.194138526916504
4.227525472640991
4.260881423950195
4.29417872428894
4.327589273452759
4.360992193222046
4.394182205200195
4.427560567855835
4.4608378410339355
4.49417519569397
4.5275068283081055
4.560827255249023
4.594146490097046
4.6275129318237305
4.660771369934082
4.6941704750061035
4.727515697479248
4.760841131210327
4.794175863265991
4.82751202583313
4.860978126525879
4.894242286682129
4.927514553070068
4.960841178894043
4.994146823883057
5.027470588684082
5.060868740081787
5.094153642654419
5.127522230148315
5.160839319229126
5.1941845417022705
5.227510929107666
5.260724782943726
5.2941765785217285
5.327497720718384
5.360835790634155
5.394232749938965
5.42752742767334
5.460860729217529
5.494163751602173
