-0.11291784048080444	17.853689193725586	-3.2442047595977783	13.476688385009766	1.0168566703796387	1.045588731765747	0.3802028000354767
0.07751184701919556	17.817983627319336	-3.2799103260040283	13.437015533447266	1.0077013969421387	1.035517930984497	0.4406276047229767
0.07751184701919556	17.702932357788086	-3.4703400135040283	13.512393951416016	1.0077013969421387	0.9467118382453918	0.4406276047229767
0.07751184701919556	17.667226791381836	-3.4703400135040283	13.587772369384766	0.9546007513999939	0.9467118382453918	0.5523219108581543
0.11321741342544556	17.627553939819336	-3.6647369861602783	13.548099517822266	0.8218492865562439	0.9558671116828918	0.6026759147644043
0.07751184701919556	17.702932357788086	-3.6647369861602783	13.548099517822266	0.5929674506187439	0.9760087132453918	0.5321803092956543
0.37902551889419556	17.627553939819336	-3.4703400135040283	13.663150787353516	0.3457750678062439	1.005305528640747	0.5623927116394043
0.30364710092544556	17.627553939819336	-3.5853912830352783	13.698856353759766	0.3018297553062439	1.074885606765747	0.5010523796081543
0.6091280579566956	17.437124252319336	-3.3592560291290283	13.698856353759766	0.2221788913011551	1.084956407546997	0.5010523796081543
0.6448336243629456	17.326040267944336	-3.3949615955352783	13.738529205322266	0.1956285983324051	1.084956407546997	0.5321803092956543
-0.11291784048080444	17.326040267944336	-4.005923271179199	13.813907623291016	0.2130236178636551	1.124324083328247	0.4406276047229767
0.15289026498794556	17.210988998413086	-3.9662506580352783	13.548099517822266	0.2130236178636551	1.105098009109497	0.5010523796081543
1.2161226272583008	17.135610580444336	-3.0537750720977783	14.075748443603516	0.06287713348865509	1.193904161453247	0.5422511100769043
-0.15259069204330444	16.984853744506836	-4.271731376647949	13.849613189697266	0.1251329928636551	1.173762559890747	0.4204860031604767
0.5337496399879456	16.945180892944336	-3.6647369861602783	13.774234771728516	0.02808709442615509	1.193904161453247	0.5010523796081543
-0.03753942251205444	16.643667221069336	-4.271731376647949	13.960697174072266	0.02808709442615509	1.223201036453247	0.4204860031604767
0.8352633118629456	16.302480697631836	-3.7401154041290283	14.075748443603516	-0.01677374541759491	1.193904161453247	0.4909816086292267
0.6448336243629456	16.413564682006836	-3.7004425525665283	14.036075592041016	-0.12205938994884491	1.173762559890747	0.4104152023792267
-0.34302037954330444	15.735158920288086	-4.731936454772949	13.924991607666016	-0.007618472911417484	1.342219591140747	0.3802028000354767
-0.15259069204330444	15.429677963256836	-5.263552665710449	14.111454010009766	0.009776546619832516	1.292781114578247	0.4305568039417267
-0.18829625844955444	15.203542709350586	-5.418276786804199	14.524051666259766	0.04548211395740509	1.243342638015747	0.4104152023792267
-0.03753942251205444	14.560842514038086	-5.263552665710449	14.635135650634766	0.06287713348865509	1.292781114578247	0.3701319992542267
-0.30334752798080444	14.219655990600586	-5.453982353210449	14.484378814697266	0.1333727389574051	1.322077989578247	0.4406276047229767
-0.18829625844955444	13.953847885131836	-5.533328056335449	14.674808502197266	0.1333727389574051	1.253413438796997	0.4607692062854767
0.22826868295669556	13.422231674194336	-5.303225517272949	14.936649322509766	0.1333727389574051	1.213130235671997	0.3701319992542267
0.6845064759254456	12.739858627319336	-4.767642021179199	14.635135650634766	0.05463738739490509	1.203974962234497	0.3902736008167267
0.37902551889419556	12.287588119506836	-5.949892997741699	15.611087799072266	0.1690783053636551	1.362361192703247	0.3490748703479767
0.5694552063941956	11.188650131225586	-5.644412040710449	14.972354888916016	0.1956285983324051	1.223201036453247	0.4204860031604767
0.7598848938941956	11.073598861694336	-5.914187431335449	15.646793365478516	0.1599230319261551	1.272639513015747	0.4406276047229767
0.41869837045669556	9.558095932006836	-6.866335868835449	15.384952545166016	0.2487291842699051	1.223201036453247	0.3591456711292267
0.8352633118629456	9.823904037475586	-6.330752372741699	16.245853424072266	0.2130236178636551	1.262568712234497	0.4204860031604767
0.6091280579566956	7.967215061187744	-6.600527763366699	16.210147857666016	0.3540148138999939	1.312007188796997	0.3591456711292267
-0.11291784048080444	7.550650119781494	-7.893862724304199	16.170475006103516	0.3018297553062439	1.262568712234497	0.2785792648792267
-0.11291784048080444	6.983328342437744	-7.667727470397949	16.658451080322266	0.3897203803062439	1.154536485671997	0.3289332687854767
1.0653657913208008	6.868277072906494	-6.600527763366699	17.071048736572266	0.4071153998374939	1.134394884109497	0.3902736008167267
1.0653657913208008	6.868277072906494	-6.600527763366699	17.071048736572266	0.4071153998374939	1.134394884109497	0.3902736008167267
1.1010713577270508	4.519644260406494	-6.600527763366699	16.547367095947266	0.4162706732749939	1.084956407546997	0.4003444015979767
0.6091280579566956	3.575430393218994	-7.552676200866699	17.559024810791016	0.3988756537437439	1.401728868484497	0.3802028000354767
0.34331995248794556	3.234243869781494	-8.6952543258667	17.705814361572266	0.4071153998374939	1.173762559890747	0.4204860031604767
0.0021334290504455566	1.6790679693222046	-8.9650297164917	16.995670318603516	0.5664171576499939	1.045588731765747	0.3802028000354767
-0.07721227407455444	1.5640166997909546	-8.9253568649292	18.229496002197266	0.5133165717124939	1.193904161453247	0.3390040695667267
0.22826868295669556	0.7308868169784546	-9.1157865524292	18.304874420166016	0.4602159857749939	1.084956407546997	0.4506984055042267
-0.30334752798080444	-0.6695648431777954	-9.23083782196045	18.043033599853516	0.4510607123374939	1.114253282546997	0.4607692062854767
0.03783899545669556	-1.6177459955215454	-9.57202434539795	18.380252838134766	0.4071153998374939	1.203974962234497	0.4708400070667267
-0.37872594594955444	-2.792062282562256	-8.9650297164917	18.344547271728516	0.4510607123374939	1.084956407546997	0.4003444015979767
-0.18829625844955444	-4.267892360687256	-9.0761137008667	19.054691314697266	0.3631700873374939	1.391658067703247	0.4003444015979767
-0.49377721548080444	-4.950265407562256	-9.42126750946045	18.903934478759766	0.3366197943687439	1.262568712234497	-0.005234215408563614
-0.26764196157455444	-5.176400661468506	-9.19116497039795	18.681766510009766	0.3192247748374939	1.163691759109497	-0.07664534449577332
0.26794153451919556	-5.176400661468506	-8.1636381149292	19.054691314697266	0.4071153998374939	1.163691759109497	-0.23869368433952332
-0.6088284850120544	-5.557260036468506	-8.81030559539795	18.495304107666016	0.4867662787437439	1.144465684890747	-0.22862288355827332
-0.34302037954330444	-6.275338649749756	-8.3540678024292	19.502994537353516	0.4867662787437439	0.9760087132453918	-0.22862288355827332
-0.30334752798080444	-6.882333278656006	-8.27868938446045	19.542667388916016	0.3897203803062439	1.105098009109497	-0.3192600905895233
-0.22796911001205444	-7.033090114593506	-7.592349052429199	19.316532135009766	0.2487291842699051	1.213130235671997	-0.3302464187145233
-1.1404447555541992	-7.751168727874756	-7.893862724304199	19.316532135009766	0.3366197943687439	1.173762559890747	-0.2991184890270233
-1.5213041305541992	-7.564706325531006	-8.00891399383545	18.903934478759766	0.3540148138999939	1.095027208328247	-0.2689060866832733
-0.5691556334495544	-7.866219997406006	-6.941714286804199	19.729129791259766	0.3805651068687439	1.035517930984497	-0.3192600905895233
-1.2554960250854492	-8.397836685180664	-7.362246513366699	19.915592193603516	0.3631700873374939	1.213130235671997	-0.23869368433952332
-0.7199124693870544	-7.790841579437256	-6.295046806335449	19.280826568603516	0.4071153998374939	1.084956407546997	-0.16728255152702332
-0.26764196157455444	-8.207406997680664	-5.684084892272949	19.804508209228516	0.3540148138999939	1.035517930984497	-0.14714094996452332
-0.6842069029808044	-7.905892848968506	-5.338931083679199	20.141727447509766	0.2926744818687439	1.134394884109497	-0.2991184890270233
-0.07721227407455444	-8.358163833618164	-4.843020439147949	19.768802642822266	0.3366197943687439	1.095027208328247	-0.21855208277702332
0.18859583139419556	-8.132028579711914	-4.196352958679199	19.915592193603516	0.3457750678062439	1.134394884109497	-0.10685774683952332
0.15289026498794556	-7.905892848968506	-3.9305450916290283	19.804508209228516	0.3366197943687439	1.105098009109497	-0.20848128199577332
0.26794153451919556	-8.132028579711914	-3.2799103260040283	19.693424224853516	0.2835192084312439	1.163691759109497	-0.3503880202770233
0.18859583139419556	-7.790841579437256	-3.1291534900665283	19.768802642822266	0.4254259467124939	1.074885606765747	-0.14714094996452332
-0.30334752798080444	-7.374276638031006	-3.1688263416290283	19.990970611572266	0.4071153998374939	1.124324083328247	-0.23869368433952332
-0.30334752798080444	-7.334603786468506	-3.2442047595977783	19.653751373291016	0.3018297553062439	1.163691759109497	-0.22862288355827332
-0.03753942251205444	-6.882333278656006	-2.3674347400665283	20.141727447509766	0.3631700873374939	1.095027208328247	-0.23869368433952332
0.18859583139419556	-6.806954860687256	-1.9469025135040283	19.578372955322266	0.3805651068687439	1.105098009109497	-0.4007420241832733
-0.30334752798080444	-6.731576442718506	-2.4824860095977783	19.915592193603516	0.3457750678062439	1.134394884109497	-0.19841048121452332
-0.03753942251205444	-6.009530544281006	-1.8715240955352783	19.502994537353516	0.4693712592124939	1.084956407546997	-0.2890476882457733
-0.37872594594955444	-5.708016872406006	-1.9072296619415283	19.840213775634766	0.3723253607749939	1.105098009109497	-0.2588352859020233
-0.30334752798080444	-5.783395290374756	-1.6017487049102783	19.502994537353516	0.3457750678062439	1.114253282546997	-0.2991184890270233
0.41869837045669556	-5.632638454437256	-0.8797028064727783	19.915592193603516	0.5041612982749939	1.124324083328247	-0.23869368433952332
-0.26764196157455444	-4.458322048187256	-1.4906647205352783	18.903934478759766	0.3897203803062439	1.095027208328247	-0.20848128199577332
-0.9500150084495544	-4.724130153656006	-1.9072296619415283	19.241153717041016	0.3723253607749939	1.124324083328247	-0.3403172194957733
-0.34302037954330444	-4.609078884124756	-1.5263702869415283	19.502994537353516	0.3805651068687439	1.144465684890747	-0.3806004226207733
-0.30334752798080444	-4.192513942718506	-0.9947540760040283	19.356204986572266	0.3805651068687439	1.055659532546997	-0.2789768874645233
-0.41839879751205444	-3.284005641937256	-1.4906647205352783	19.018985748291016	0.4162706732749939	1.015376329421997	-0.23869368433952332
-0.45410436391830444	-3.700570583343506	-1.7167999744415283	19.165775299072266	0.3805651068687439	1.084956407546997	-0.3192600905895233
-0.9857205748558044	-3.434762477874756	-1.7167999744415283	19.130069732666016	0.3897203803062439	1.105098009109497	-0.2689060866832733
-0.8349637389183044	-3.093575954437256	-1.3359405994415283	18.943607330322266	0.3805651068687439	1.144465684890747	-0.3503880202770233
-0.15259069204330444	-2.375497341156006	-0.9947540760040283	18.832523345947266	0.3540148138999939	1.084956407546997	-0.3302464187145233
0.37902551889419556	-2.070016384124756	-0.6138947010040283	18.681766510009766	0.4959215521812439	1.084956407546997	-0.2890476882457733
0.11321741342544556	-2.712716579437256	-1.1455109119415283	18.903934478759766	0.3723253607749939	1.114253282546997	-0.4108128249645233
-0.7199124693870544	-2.296151638031006	-1.9072296619415283	18.903934478759766	0.3018297553062439	1.095027208328247	-0.3403172194957733
-0.7199124693870544	-2.296151638031006	-1.9072296619415283	18.903934478759766	0.3018297553062439	1.095027208328247	-0.3403172194957733
0.07751184701919556	-1.6177459955215454	-1.7167999744415283	18.757144927978516	0.3631700873374939	1.025447130203247	-0.3403172194957733
0.5337496399879456	-1.5384002923965454	-1.1851837635040283	18.566715240478516	0.2661241888999939	1.005305528640747	-0.24876448512077332
-0.6088284850120544	-1.6177459955215454	-2.3674347400665283	18.717472076416016	0.3018297553062439	1.095027208328247	-0.2991184890270233
-0.11291784048080444	-1.5026947259902954	-1.8715240955352783	18.717472076416016	0.3631700873374939	1.124324083328247	-0.2991184890270233
-0.11291784048080444	-1.3876434564590454	-2.2880890369415283	18.304874420166016	0.2221788913011551	1.105098009109497	-0.3091892898082733
-1.1007719039916992	-1.0107513666152954	-3.5496857166290283	18.043033599853516	0.2221788913011551	1.371516466140747	-0.24876448512077332
0.37902551889419556	-0.7052704095840454	-1.9865753650665283	18.007328033447266	0.3540148138999939	1.362361192703247	-0.3604588210582733
-0.8746365904808044	-0.6298919916152954	-3.5496857166290283	18.082706451416016	0.2661241888999939	1.461238145828247	-0.4108128249645233
-0.7992581725120544	-0.10224303603172302	-4.005923271179199	18.007328033447266	0.1516832858324051	1.490535020828247	-0.4510960280895233
0.37902551889419556	-0.328378289937973	-2.8236725330352783	17.705814361572266	0.2569689154624939	1.401728868484497	-0.3806004226207733
-1.2912015914916992	-0.403756707906723	-4.882693290710449	17.967655181884766	0.1425280123949051	1.500605821609497	-0.4108128249645233
0.34331995248794556	-0.6298919916152954	-3.5100128650665283	17.820865631103516	0.3274645209312439	1.391658067703247	-0.3091892898082733
-0.41839879751205444	-0.7052704095840454	-4.236025810241699	18.043033599853516	0.1599230319261551	1.401728868484497	-0.3302464187145233
-1.0253934860229492	-0.7052704095840454	-5.148501396179199	17.856571197509766	0.10682244598865509	1.470393419265747	-0.3302464187145233
0.5694552063941956	-0.7052704095840454	-3.7004425525665283	17.967655181884766	0.1956285983324051	1.451167345046997	-0.3906712234020233
-0.8349637389183044	-0.8957000970840454	-5.493655204772949	18.007328033447266	0.1333727389574051	1.510676622390747	-0.4007420241832733
-1.2912015914916992	-0.9710785150527954	-5.874514579772949	18.007328033447266	0.11597771942615509	1.579341173171997	-0.24876448512077332
0.5337496399879456	-1.7685028314590454	-4.311404228210449	18.229496002197266	0.3192247748374939	1.461238145828247	-0.23869368433952332
0.15289026498794556	-2.260446071624756	-5.227847099304199	18.531009674072266	0.2304186373949051	1.431025743484497	-0.4007420241832733
-0.8746365904808044	-2.070016384124756	-5.684084892272949	18.419925689697266	0.1599230319261551	1.510676622390747	-0.3091892898082733
-1.7077665328979492	-1.9589325189590454	-6.410098075866699	18.118412017822266	0.1599230319261551	1.411799669265747	-0.2991184890270233
-0.9857205748558044	-2.827767848968506	-6.445803642272949	18.681766510009766	0.11597771942615509	1.470393419265747	-0.3705296218395233
0.03783899545669556	-3.434762477874756	-5.338931083679199	18.717472076416016	0.2752794623374939	1.599482774734497	-0.2890476882457733
0.18859583139419556	-3.700570583343506	-5.227847099304199	18.606388092041016	0.1956285983324051	1.441096544265747	-0.3302464187145233
0.26794153451919556	-4.267892360687256	-5.723757743835449	18.681766510009766	0.2569689154624939	1.529902696609497	-0.4108128249645233
-0.18829625844955444	-4.117135524749756	-5.608706474304199	18.717472076416016	0.3100695013999939	1.332148790359497	-0.3604588210582733
-0.6445340514183044	-5.592965602874756	-5.989565849304199	19.130069732666016	0.2304186373949051	1.391658067703247	-0.3906712234020233
-1.1761503219604492	-5.819100856781006	-6.179995536804199	19.130069732666016	0.2221788913011551	1.381587266921997	-0.4108128249645233
-0.15259069204330444	-6.124581813812256	-5.644412040710449	19.693424224853516	0.3274645209312439	1.342219591140747	-0.3604588210582733
1.0256929397583008	-6.235665798187256	-4.501833915710449	19.316532135009766	0.4071153998374939	1.451167345046997	-0.3705296218395233
-0.6445340514183044	-7.298898220062256	-5.227847099304199	18.943607330322266	0.2569689154624939	1.401728868484497	-0.3503880202770233
0.34331995248794556	-7.981271266937256	-4.652590751647949	19.693424224853516	0.2569689154624939	1.420954942703247	-0.3192600905895233
-0.15259069204330444	-8.358163833618164	-4.616885185241699	19.130069732666016	0.2221788913011551	1.411799669265747	-0.2991184890270233
0.26794153451919556	-9.080209732055664	-4.236025810241699	19.578372955322266	0.1333727389574051	1.381587266921997	-0.4108128249645233
0.34331995248794556	-10.064096450805664	-4.120974540710449	19.502994537353516	0.1690783053636551	1.391658067703247	-0.4721531569957733
0.07751184701919556	-10.064096450805664	-4.351077079772949	19.578372955322266	0.2661241888999939	1.391658067703247	-0.4410252273082733
0.45440393686294556	-10.972604751586914	-3.5100128650665283	19.729129791259766	0.3366197943687439	1.519831895828247	-0.4108128249645233
0.5337496399879456	-11.539926528930664	-3.0141022205352783	19.054691314697266	0.2752794623374939	1.272639513015747	-0.3705296218395233
0.7202120423316956	-12.829294204711914	-2.9744293689727783	20.066349029541016	0.2835192084312439	1.500605821609497	-0.5527195930480957
0.7995577454566956	-13.737802505493164	-2.3674347400665283	19.130069732666016	0.1782335788011551	1.431025743484497	-0.3604588210582733
1.1764497756958008	-14.797067642211914	-1.7167999744415283	19.915592193603516	0.2487291842699051	1.411799669265747	-0.08671614527702332
0.6448336243629456	-15.669870376586914	-1.9865753650665283	19.316532135009766	0.2304186373949051	1.391658067703247	-0.015305016189813614
0.7995577454566956	-16.387948989868164	-1.7564728260040283	19.578372955322266	0.2221788913011551	1.529902696609497	0.18702653050422668
1.2557954788208008	-17.185373306274414	-0.6496002674102783	19.241153717041016	0.1251329928636551	1.480464220046997	0.21723893284797668
0.49407678842544556	-18.169260025024414	-1.6810944080352783	19.316532135009766	0.07203240692615509	1.470393419265747	0.3188624680042267
0.6845064759254456	-18.736581802368164	-0.9154083728790283	19.241153717041016	0.1425280123949051	1.638850450515747	0.2785792648792267
0.7202120423316956	-19.383249282836914	-0.8400299549102783	18.380252838134766	0.1516832858324051	1.480464220046997	0.17695572972297668
0.7598848938941956	-19.950571060180664	-0.4988434314727783	18.757144927978516	0.1425280123949051	1.560115098953247	0.2785792648792267
0.18859583139419556	-20.252084732055664	-0.8797028064727783	17.781192779541016	0.1251329928636551	1.589411973953247	0.22730973362922668
0.5337496399879456	-21.049509048461914	-0.4591705799102783	18.269168853759766	0.1690783053636551	1.529902696609497	0.3087916672229767
0.5337496399879456	-21.049509048461914	-0.4591705799102783	18.269168853759766	0.1690783053636551	1.529902696609497	0.3087916672229767
0.45440393686294556	-21.541452407836914	-0.4988434314727783	17.559024810791016	0.03632684051990509	1.589411973953247	0.22730973362922668
0.9106417298316956	-21.882638931274414	0.03674006462097168	17.967655181884766	-0.007618472911417484	1.609553575515747	0.2987208664417267
-0.11291784048080444	-22.640390396118164	-0.6496002674102783	17.594730377197266	0.08027215301990509	1.510676622390747	0.2886500656604767
0.6845064759254456	-22.715768814086914	0.11211848258972168	17.071048736572266	-0.01677374541759491	1.638850450515747	0.2785792648792267
-0.15259069204330444	-23.513193130493164	-0.7646515369415283	16.995670318603516	0.06287713348865509	1.628779649734497	0.2785792648792267
0.7995577454566956	-23.548898696899414	0.4572722911834717	16.023685455322266	-0.02501349151134491	1.628779649734497	0.22730973362922668
0.11321741342544556	-23.624277114868164	-0.3084137439727783	16.321231842041016	0.009776546619832516	1.609553575515747	0.2685084640979767
0.0021334290504455566	-24.005136489868164	-0.11798405647277832	15.872928619384766	-0.007618472911417484	1.569270372390747	0.16688492894172668
0.0021334290504455566	-24.306650161743164	-0.22906804084777832	15.535709381103516	-0.03416876494884491	1.669062852859497	0.20716813206672668
0.26794153451919556	-23.890085220336914	0.15179133415222168	15.420658111572266	-0.05156378448009491	1.638850450515747	0.22730973362922668
-0.11291784048080444	-24.723215103149414	-0.2687408924102783	15.087406158447266	-0.07811407744884491	1.658992052078247	0.22730973362922668
-0.41839879751205444	-24.608163833618164	-0.6138947010040283	14.599430084228516	-0.1577649563550949	1.669062852859497	0.23829606175422668
0.6091280579566956	-24.231271743774414	0.6080291271209717	14.750186920166016	-0.1751599758863449	1.638850450515747	0.2584376633167267
-0.22796911001205444	-25.179452896118164	-0.3441193103790283	14.373294830322266	-0.1577649563550949	1.628779649734497	0.2685084640979767
-0.7595853209495544	-24.231271743774414	-0.7646515369415283	14.412967681884766	-0.04332403838634491	1.618708848953247	0.3390040695667267
0.03783899545669556	-24.382028579711914	-0.0029327869415283203	13.663150787353516	-0.1577649563550949	1.550044298171997	0.3802028000354767
0.5337496399879456	-24.913644790649414	0.3422210216522217	13.774234771728516	-0.2456555813550949	1.609553575515747	0.23829606175422668
-0.11291784048080444	-24.608163833618164	-0.15368962287902832	13.587772369384766	-0.1843152493238449	1.658992052078247	0.2785792648792267
-0.45410436391830444	-24.346323013305664	-0.4591705799102783	13.325931549072266	-0.2108655422925949	1.599482774734497	0.3902736008167267
-0.18829625844955444	-24.346323013305664	-0.22906804084777832	13.175174713134766	-0.3161512017250061	1.589411973953247	0.4204860031604767
0.26794153451919556	-24.572458267211914	0.07641291618347168	13.175174713134766	-0.2905164361000061	1.579341173171997	0.4305568039417267
0.11321741342544556	-24.346323013305664	-0.03863835334777832	12.988712310791016	-0.3161512017250061	1.618708848953247	0.3390040695667267
-0.26764196157455444	-24.270944595336914	-0.2687408924102783	12.877628326416016	-0.3253064751625061	1.638850450515747	0.3591456711292267
-0.03753942251205444	-24.080514907836914	-0.22906804084777832	12.762577056884766	-0.3161512017250061	1.618708848953247	0.3701319992542267
0.11321741342544556	-23.965463638305664	-0.07831120491027832	12.687198638916016	-0.3518567681312561	1.618708848953247	0.3490748703479767
0.15289026498794556	-23.775033950805664	-0.0029327869415283203	12.651493072509766	-0.3518567681312561	1.638850450515747	0.3390040695667267
-0.07721227407455444	-24.040842056274414	-0.0029327869415283203	12.687198638916016	-0.3253064751625061	1.638850450515747	0.2987208664417267
