0.704840817210683	0.1271204056551582	0.07518057559213236	-2.64889555365156	-0.026724478437749048	2.7753033134752423	1.3985103654661142
0.7048401798992819	0.12712286938878148	0.07518807295100044	-2.648899797383806	-0.026722701881133303	2.7753071943686787	1.3985058422992882
0.7048401798992826	0.12710401790626102	0.07518582142390795	-2.648899154650212	-0.02672229803222985	2.775308053000563	1.3985093577277592
0.7048433982104153	0.1269976210928463	0.07519212554133307	-2.6488873644675452	-0.026714663461367243	2.7751903088939125	1.398517542014093
0.7048421638052	0.12668321814784309	0.07524388856128618	-2.6487583035508684	-0.02666649364079417	2.77480397880789	1.3985706337522916
0.7048743697425229	0.12626445889505064	0.07538389978700766	-2.6484297037415656	-0.026540538850245505	2.7741197779670013	1.398748849738871
0.7049925727657373	0.12568873216904117	0.07555492715094098	-2.6481002866822747	-0.02638240716368642	2.773039538487209	1.3988462986558232
0.7051268845038644	0.12478375884651914	0.07580739604019777	-2.6476547393135235	-0.026188328681186326	2.771536764373266	1.3990977563618099
0.7052679288339668	0.12355627168977454	0.07610632655019488	-2.6469719894329087	-0.02591761655801954	2.7695706083572262	1.3994052150489211
0.705441686327253	0.12199004348106228	0.07642275694721457	-2.646066638834557	-0.025590359809705455	2.767062145610299	1.3997444311253413
0.7056605339829722	0.12005062258850006	0.0767989617864636	-2.644978293939967	-0.025183364729457657	2.7639687393225425	1.4001891329803802
0.7058884604319349	0.11771194130646684	0.07727068878451678	-2.6436225911552795	-0.024683930771463386	2.760262664210888	1.4007138623688744
0.7061600674860613	0.1149132443335587	0.07788798517156918	-2.6419924937144557	-0.024074448608686943	2.75585837041616	1.4013194443125156
0.7064536740337303	0.11161296432879947	0.07858765862651398	-2.6401050539575213	-0.02335406188671436	2.750687662780472	1.4020545842359227
0.7067448929979911	0.10787354178669331	0.07940453330285144	-2.637872753698672	-0.02253055171039691	2.744779567204093	1.4028438854359009
0.7070537721887802	0.10364172092001694	0.08033186241144806	-2.6353656744544205	-0.021607651887100027	2.73812247814512	1.4037084849093384
0.7073681145608312	0.09886192458159401	0.0813674266176231	-2.6326512327674902	-0.020568505747441655	2.730546758957663	1.4046731237008276
0.7077063498522852	0.09357091433482	0.08251947394734442	-2.629576404568721	-0.01943053197129236	2.7221800916365395	1.405718186094137
0.7080451708335095	0.08765110479303306	0.08378132041986423	-2.626104475460093	-0.018203051580179947	2.7129484252138476	1.406874649532266
0.7083786800514419	0.08116073239107163	0.08515425949460535	-2.6222915562256923	-0.016858680936325206	2.7027626708387555	1.4080933782044636
0.708721041931787	0.07413931913016916	0.08664434696992483	-2.6182339133464168	-0.01537493084842843	2.6916722855138695	1.4093771326479172
0.7090490511515539	0.06661014133427307	0.08822966337363312	-2.613873215770828	-0.013779698974714824	2.6796493491322	1.4107281675129366
0.709353856171898	0.058268701472529466	0.08994836961993406	-2.6089399266487465	-0.012108133332466069	2.666650498046676	1.4121221660720806
0.7096149406964027	0.049383255205331655	0.09175824993836176	-2.6037449832309427	-0.010305125815016601	2.65280814602028	1.4135725604775324
0.7097273920099818	0.04009554793912388	0.09365446800775029	-2.5983495847638163	-0.00835720028451591	2.637896641065492	1.4150426544033547
0.7097273920099818	0.04009554793912388	0.09365446800775029	-2.5983495847638163	-0.00835720028451591	2.637896641065492	1.4150426544033547
0.709770823981717	0.02999637316172354	0.09566756843761286	-2.5924666447543365	-0.0062955456445217915	2.62211350033169	1.416525496450499
0.7097824341177732	0.019271495389172798	0.09780061999148092	-2.586266076708681	-0.0041712057249709816	2.6052866949275866	1.417982564491895
0.7097322121764531	0.008120613685419853	0.10001944236746359	-2.57963234396856	-0.0018637560764683703	2.5875963066219017	1.4194687789778488
0.7095097080725689	-0.0037689689692770906	0.1023706395695883	-2.5727634970741002	0.0004955117064425535	2.5689448179678838	1.4209030131403537
0.7091613982329963	-0.01609054260530786	0.10466500983055133	-2.5655385851169803	0.0029306249688984772	2.549375351405119	1.4223394747902744
0.7087484310472335	-0.029126870343884004	0.10711727575493145	-2.5579170365105823	0.005471177222062666	2.5289492014918444	1.4237133354364642
0.7081266739280575	-0.042669170292314304	0.10965170315154325	-2.549948444501438	0.00806331015437097	2.5076348453830413	1.42500103097248
0.7073241076950157	-0.05673994269886699	0.1122778937667227	-2.5417886428139944	0.010781702006473977	2.4854532570962498	1.4262420128256839
0.7062791210381473	-0.07127151985992297	0.11488087129123092	-2.5333307193838674	0.01359025619750494	2.4624384193837696	1.4273504593151085
0.7050439749604495	-0.08646679624226779	0.11756542872602697	-2.5243553999368844	0.01642442183499335	2.4387233110373803	1.4283357235999994
0.7034853377429516	-0.10200360280328237	0.12027254929230274	-2.5153910575642415	0.019391955633685825	2.414122510711608	1.429187917221239
0.7017163419080867	-0.11794208133004433	0.12297071057711832	-2.5060058792742397	0.02230577720339192	2.3887736436774376	1.4298451549621656
0.6996310036640976	-0.1344929993111799	0.12577619795118558	-2.496282775520384	0.025296653303976572	2.3629531050555856	1.4302984589154648
0.6972310659249085	-0.1513115004336459	0.12852918125194732	-2.4865632161502114	0.028260216181312886	2.3363822521991184	1.4305569998489713
0.6944402666538911	-0.1684741888515639	0.13122999607967348	-2.47644150742523	0.031351577411349925	2.3091529575124277	1.430570340524117
0.6913025171163281	-0.18602625284917204	0.13391069699708294	-2.466218333565931	0.03437676531517119	2.2815523948694865	1.4305352662076416
0.6877689063283828	-0.20383114777826006	0.13654532313181744	-2.4557981299689757	0.03746293803474404	2.2534031741825586	1.4300212248945974
0.6838105180737464	-0.22192085830494596	0.13916450951312734	-2.445064329135925	0.04051566771969546	2.2248945595061955	1.429094258148846
0.6793953236944497	-0.24024891570312573	0.14168476385851697	-2.4344643185947437	0.04352513692056134	2.1959846188459147	1.4278269007339641
0.6744577102407016	-0.2586393092458706	0.14405815435226552	-2.4236001744467925	0.04650877835015001	2.1668547437074324	1.4261270353982163
0.6690585437736888	-0.2771932554227388	0.14645529168678223	-2.4127095032797663	0.04936694649074571	2.137491100196025	1.4240241105391753
0.6631307316531594	-0.2959040595306934	0.14874462447864184	-2.4017753794716907	0.052237082675069255	2.1080095570974504	1.421455817782969
0.6566010674569003	-0.3145700950516735	0.15082653774034174	-2.3907036886190194	0.05500135269621921	2.0784971357073085	1.4183540474649596
0.649353873243213	-0.33321945732367697	0.15266313399065984	-2.379856406430356	0.05772644404928416	2.0489920335863734	1.4147270540517496
0.6415439157577977	-0.35183227400716605	0.15438055638162976	-2.3688309216100767	0.06026467211710877	2.0196377988249035	1.4104544041015223
0.633177957235781	-0.37025546194673514	0.15605974935484881	-2.35805454379569	0.06266461106044044	1.9903929799101245	1.4054944126469298
0.6239159236250955	-0.38848726947155554	0.157337577713444	-2.3473034875738157	0.0649315955624309	1.9615183202108546	1.4001196601680086
0.6138763946082987	-0.4064937532805142	0.15830660258850915	-2.336650375279715	0.06700793337256586	1.9330304789990207	1.393902937953925
0.6031989733904225	-0.4241923168965782	0.159220452758909	-2.3262768491491372	0.06893328938049739	1.9050843666593769	1.3868478845405472
0.5916130469235188	-0.4414203681838525	0.1597385452311446	-2.3160097656068155	0.07066836149976408	1.8776490207170553	1.3792734490552883
0.5792581070294118	-0.45833507335797413	0.1600911523605373	-2.306119107675237	0.07217291878054302	1.8508422373849005	1.3707739693192273
0.5660049181167915	-0.4747683937095568	0.16009417078375643	-2.2962793459104947	0.0734692077162511	1.82466847553816	1.3615612257430123
0.5522111323185489	-0.49087485622683164	0.15990203576574394	-2.286759931980234	0.07460440858067084	1.799080532125229	1.351673574922974
0.5374406033482668	-0.5066259444818861	0.15941565698565385	-2.2774974892877577	0.07555800256178498	1.7742266109760354	1.3410894701937295
0.5221395704266231	-0.521766810322294	0.1587540868505874	-2.2684506832845535	0.07632244864315302	1.7499360784753735	1.3298770892759937
0.5060942343490796	-0.5366214337778584	0.157787586698306	-2.2596014631944343	0.07692401205321997	1.7263263226100092	1.3181206472468217
0.4893327290052965	-0.5510410709929858	0.1565100248061049	-2.2510991418449335	0.07734578398212875	1.7033454020618848	1.305481097134568
0.4721178808531669	-0.5649731779831926	0.15512520148322204	-2.2427048640216922	0.07764838664727478	1.6810459771007036	1.2926572298805843
0.45408669208141794	-0.5785208577309587	0.15342726192614156	-2.2346542179622313	0.0777115658020986	1.6594946101261723	1.2791831219957535
0.43555044609778076	-0.5915811791987442	0.15154674309761315	-2.2268396406875546	0.07772992977550248	1.6386503731516888	1.2649204306642268
0.41660091915473985	-0.6042168662114168	0.1495435981913034	-2.219344911171389	0.07772603294224188	1.6184232201345539	1.2505686319521845
0.39699552511550096	-0.6163673418281304	0.14727352466485294	-2.2119541710629713	0.07747683900635742	1.5989810562081188	1.2356357685758677
0.377358924986085	-0.6277814328638258	0.14480267127813506	-2.205183389209521	0.0770431087296055	1.58071177602504	1.2206934076565201
0.3562675593470495	-0.6393732306266257	0.14212193080691896	-2.1982287399874525	0.0764125146700292	1.562177499432512	1.2043229181400184
0.33526454228046276	-0.6500926417418691	0.13941041788791758	-2.1917345163123363	0.0756897234157908	1.5448621675130576	1.1881066034660037
0.3138958135921917	-0.6605033913468662	0.1365034457086701	-2.1854476926613833	0.07483440230522703	1.5283025791676166	1.1717617594256502
0.2920127275903284	-0.6702516615128509	0.13339797917967752	-2.179541289224223	0.07384848098693707	1.5125331138002664	1.1549486760218242
0.2697303585239298	-0.6795447998097022	0.13010922131569816	-2.173977870120093	0.07275705646472701	1.4975604955697905	1.1379058666193753
0.2471597471761164	-0.688447418154605	0.12676813946325707	-2.1685877628510553	0.07156406929613032	1.4832801102607054	1.1205053245301495
0.2242801646312811	-0.6967048721998113	0.12325714966127438	-2.163470296635296	0.07024038035892233	1.4697927038905525	1.1028489211581245
0.20115484786346882	-0.704587458425648	0.11967900740063717	-2.158709865278625	0.06881811348238015	1.4571550855812898	1.0849957268367534
0.20115484786346882	-0.704587458425648	0.11967900740063717	-2.158709865278625	0.06881811348238015	1.4571550855812898	1.0849957268367534
0.17771918946547052	-0.7120002875117003	0.11599840733293257	-2.154225681267866	0.06731743536912105	1.4452602050034675	1.0669327841335876
0.15402344792430755	-0.7187025173457917	0.1121675439299977	-2.1500761722240287	0.06575259974587852	1.43421774942523	1.0488275547693011
0.13012370739351828	-0.7249618322060046	0.10828195917678729	-2.146315020959021	0.064058356791516	1.4239594906412165	1.0305432306667661
0.1060058826087772	-0.7307679068990233	0.10427806177800253	-2.1426755783958393	0.06227472695358931	1.414538171401137	1.0122527096844496
0.08173483179879047	-0.736064523585073	0.10021463789931305	-2.1393124821924823	0.060459334384426446	1.4059990409832965	0.993879089512744
0.057278266484711876	-0.7407659623615608	0.0960508876492824	-2.1364240825267675	0.05853824782426241	1.3982985211636192	0.9754749851833476
0.032693099721993454	-0.7448381855731012	0.0918226638899208	-2.1338842760751526	0.05652048230999645	1.3913756576333594	0.9570062998313604
0.008067061052472624	-0.7484477955011678	0.08755837860605549	-2.131558655736648	0.05446658888412597	1.3854062315076934	0.9386403713564171
-0.016670541730407065	-0.7515181990301926	0.08324730163107771	-2.1295792657444865	0.05238139902776303	1.38030206215661	0.9201679879562912
-0.04139663830745488	-0.7540724260277045	0.07892875134492065	-2.1278885683253246	0.05024026865224603	1.376014852603361	0.9018974905190518
-0.06614234904625478	-0.7560447061191976	0.07462313061731103	-2.1265527158742534	0.048064483652687374	1.372664769986139	0.8836310016062325
-0.09085617843781127	-0.7573975841767675	0.07023292736023704	-2.12559020620451	0.0458935236612384	1.3702480044455407	0.865497026234283
-0.11557387509018908	-0.7581583245641037	0.0658054115046727	-2.125011692044317	0.043620738110122396	1.3686988975572485	0.8474801342187709
-0.14019953997537382	-0.7583937293189897	0.061388956559703015	-2.124680496284658	0.041343570858111856	1.3680591904896533	0.8296527523897648
-0.16469879124705933	-0.7580980321978479	0.05699570363109569	-2.124642138687931	0.03910096299797254	1.3681722598266133	0.8120485940675394
-0.189112646579501	-0.7572560365533726	0.05266742849491705	-2.1249759267253685	0.03677194786940176	1.3693652480914638	0.7946836592825851
-0.21334327734320158	-0.7557928640171773	0.048367956198159846	-2.1256331310330747	0.03446374959431816	1.371520365302555	0.7777302284920444
-0.23751039531929274	-0.7537146266208101	0.044020868044237195	-2.1266809360712804	0.032145302850148	1.3746387197937469	0.7610005912094389
-0.2614534744053103	-0.7509503671302121	0.03965931004003564	-2.128141043290134	0.02978882906985146	1.3787670362425142	0.7446273081779712
-0.28522498205186386	-0.747542832391871	0.0353798814716072	-2.129960692298554	0.02747315218080513	1.3838637043701405	0.7285053961709734
-0.3087434031185691	-0.7435415274541497	0.031150455835863917	-2.1322097079057647	0.025162592576619458	1.3899351959910842	0.7126535013700602
-0.332008642427931	-0.7389716216708567	0.02700042454362022	-2.1347818673891505	0.02286001237102388	1.3969940862211778	0.6972556644305913
-0.35494664210129906	-0.7337349706559853	0.022958005527311788	-2.1376865303572883	0.020598400669761714	1.405044794919785	0.6824911290411242
-0.3775134999306978	-0.7279514390548117	0.01895109779169322	-2.1409740056063375	0.018357334446257628	1.4141430012489664	0.6681839842336367
-0.399709468214546	-0.7215035252070314	0.015064282042817297	-2.1447112642165536	0.016139990065392247	1.4242414603495606	0.6540697777106896
-0.42155855996435526	-0.7143319920248561	0.011272846362608365	-2.148905037078525	0.013969719456415248	1.4353423646451584	0.6405685162377953
-0.44309877260633146	-0.7064264259449561	0.007495952155017187	-2.1534082824739946	0.011797327150294742	1.447500032080017	0.627900820830527
-0.4642415441810292	-0.6981034118361473	0.0037808741608683113	-2.1582637996900993	0.009666186582597658	1.4607223071989437	0.6153953185776735
-0.48489047059398843	-0.6890681347641551	0.00029143980569726964	-2.1634218726281236	0.007623736175133312	1.4750114213901515	0.6037067207153168
-0.5049022273726139	-0.679211748443389	-0.0030071822040417377	-2.169118141692317	0.005676228847228862	1.4903235218314874	0.5926724019043833
-0.5245179606732037	-0.6688121677611435	-0.006216188082493011	-2.17529757117145	0.0037568125282583446	1.5066975149601836	0.5821063675045528
-0.5437788123029881	-0.6577280547517135	-0.009409660517234308	-2.1817191414378607	0.0018819231244397005	1.5241944634254239	0.5724483945665761
-0.5624108108307525	-0.6459121069960796	-0.01242610803146149	-2.1886820929415376	7.379837009467534e-05	1.5427745359053535	0.5631989710349484
-0.5802492656251121	-0.6335436835147024	-0.015132308910879883	-2.195861763183181	-0.0016363635705946137	1.5624861848092526	0.5549983475505937
-0.5977038033841262	-0.6203555894290391	-0.017760598488181997	-2.2036836350091886	-0.0033023345751440752	1.5832253442293642	0.5474335351439049
-0.6146332604525048	-0.6064859913710698	-0.020328181298955025	-2.2118100088294455	-0.004902005076449788	1.6051388239558353	0.5405000775155464
-0.6305243409759017	-0.5918865774932612	-0.022492195617961237	-2.220353739054042	-0.006295993179531358	1.6281948424397712	0.5346433291490629
-0.646144984900064	-0.576703031144358	-0.024668248527714737	-2.2293966607487707	-0.0076887577052363225	1.6523238463843446	0.529486809021676
-0.660854001087618	-0.5607177893029814	-0.026591525224174274	-2.2387798348469166	-0.008959450371298193	1.6777133610742754	0.5252297715242403
-0.6747854994905081	-0.543996335520776	-0.028233819301786027	-2.248617623401994	-0.010104046482978406	1.7041770345975893	0.5218168641450209
-0.6881685817474186	-0.5266377826450751	-0.029750320314019446	-2.2589330509988153	-0.011160561711523298	1.7317648490743227	0.5194426002888809
-0.7005164084467814	-0.5084738385191288	-0.03096284687473066	-2.2696810773546656	-0.012052620774130883	1.7606180189975593	0.5180025764556127
-0.7122993464927894	-0.4895615735249943	-0.032020958197307374	-2.280829459254654	-0.012839843624418267	1.7906394447351668	0.5174736650333684
-0.7231134873364902	-0.46999590469407837	-0.032887461785457914	-2.2925327468540417	-0.01352098190704508	1.821778411710135	0.5175960628326606
-0.7330711475569582	-0.4496685368577071	-0.03335240253946565	-2.3044558707375935	-0.014045966807149	1.8542213419619447	0.5190729474454899
-0.7421901304370778	-0.4285779441337534	-0.0337385966545808	-2.317121437767549	-0.01449811263606815	1.8877513421604435	0.5215868415036808
-0.7504309505016021	-0.40670801870412515	-0.033880557276060264	-2.3300018637670408	-0.014776906241686306	1.9226257633048622	0.5253493164109885
-0.7576907760264667	-0.3841682110734724	-0.03360796298418684	-2.3435286360221865	-0.014904042594449121	1.9585033266010168	0.5300812492951305
-0.7641571049312125	-0.3611244004098096	-0.03324060240516868	-2.35718277056461	-0.014908575334074615	1.9953054147655838	0.5357055276962325
-0.7699105341456305	-0.3376619686825837	-0.03276595406018168	-2.3712239127590684	-0.014893910891342874	2.0326801094169378	0.5421402126144779
-0.7699105341456305	-0.3376619686825837	-0.03276595406018168	-2.3712239127590684	-0.014893910891342874	2.0326801094169378	0.5421402126144779
-0.7748547554543795	-0.31397334031727786	-0.03191246211717983	-2.385294232259359	-0.014750095371831425	2.070527261834193	0.5495367012140843
-0.7791007407475347	-0.29014693494001814	-0.030844796125217178	-2.399558431434715	-0.014470657675896009	2.108539961006541	0.5571830271802606
-0.782795717275209	-0.2663736998181015	-0.029722335185547375	-2.4136791268757833	-0.014120474681006204	2.146629902920018	0.5655178648029183
-0.7860368265630787	-0.24260061207378553	-0.02860945168554628	-2.4278792550952684	-0.013712573424963362	2.1845261282467923	0.574294860174474
-0.7886487139125173	-0.2190698705656224	-0.02730685529888612	-2.4418545129764624	-0.013234476684196847	2.222081399490757	0.5832169237205193
-0.7907515579810857	-0.19588073116982693	-0.02591414063407833	-2.4557554591944175	-0.012696547095792156	2.259117572567891	0.59258308404864
-0.792436121631281	-0.1731604617523246	-0.02440483975756819	-2.469346964126009	-0.01213690813170715	2.295516566644882	0.6018504156388722
-0.7937712316761781	-0.1508504243249465	-0.022898355130461935	-2.4827049488943294	-0.011514510904244542	2.3311402990896326	0.6114728326830463
-0.7947936206863823	-0.12914803678442152	-0.021393851319064395	-2.4956045860030707	-0.010884128805071065	2.3658156277240705	0.6208175161311467
-0.7954516873362996	-0.10873834676159809	-0.019857513349358973	-2.507851848151009	-0.010237437397443384	2.3985048181129027	0.6301706897578753
-0.7958858270441427	-0.08838528752183296	-0.01827292665372566	-2.519963215740721	-0.00955003181514483	2.4310519407078144	0.6392531920294666
-0.7961839008312468	-0.06879384577647747	-0.016734371958688918	-2.5317931686601574	-0.008872890108184412	2.4623230345076985	0.6485498385675618
-0.7961828719473285	-0.05006379655253703	-0.015245750710952511	-2.542870687628618	-0.008196973822416385	2.4923212446594945	0.6573184872686314
-0.7959922106975108	-0.03224203637659921	-0.01375904852814986	-2.553656609578777	-0.0075251972105152215	2.5208274900802494	0.6660676261574238
-0.7956515777273448	-0.015294192308949555	-0.012300509297672962	-2.5636517966574144	-0.006871327225282695	2.5479522921697053	0.6742980336261168
-0.7952561648375396	0.0006292193615265731	-0.010908738933992308	-2.573273219581998	-0.006243042632683537	2.5734819204168216	0.6822510206576624
-0.7947736682876879	0.015705167253842377	-0.00960250734742134	-2.5822821272419962	-0.0056431119253664876	2.597435236693311	0.6898125937760913
-0.7941684785162512	0.02967383461984655	-0.00831195352963348	-2.5905523375862876	-0.005061459128431254	2.6198703798822836	0.6968355428590185
-0.7935115844485989	0.04256422145842584	-0.007100163647902526	-2.598383706622976	-0.0045147712149039764	2.6406278035606796	0.7036480945190682
-0.7928348091709166	0.05458388695765213	-0.005959537662620292	-2.6055507981700385	-0.003996632631691165	2.65972918918463	0.7098656097600502
-0.7921702504399943	0.06551324142346786	-0.004942292460081345	-2.6120256096957823	-0.0034986086099220554	2.6771868467217983	0.7154689461653124
-0.7914600015576964	0.07525355121766512	-0.0039840553321564545	-2.6179851298381083	-0.0030563951064121212	2.69305068242959	0.7207618748611505
-0.7907664849154258	0.08430233954470952	-0.0031033771847451264	-2.623312506536861	-0.002638321833047279	2.70727683290482	0.72556554182707
-0.7901387798157834	0.09221638229224574	-0.0023196378341831326	-2.628046582272598	-0.002257360899821463	2.7199838817055615	0.7298145253696593
-0.7895887202926876	0.09910491436403412	-0.001643926238102322	-2.6321860669724457	-0.001909734423476815	2.7310994821338355	0.7335553317312955
-0.7890496478727445	0.10522337118610435	-0.0010529860234670227	-2.635779160744923	-0.0016117903701164213	2.7407449879610715	0.7368328386553674
-0.7885851263114124	0.11034105605146549	-0.0005384769351100841	-2.638899427780336	-0.0013554332716270074	2.7489985142334157	0.7397060506612344
-0.7881319493613171	0.11459856551124316	-8.620871489049324e-05	-2.6414877260132936	-0.001133314428045243	2.7559318759786624	0.7421282537842487
-0.7877484225041909	0.11817926149739129	0.0003030228938216822	-2.6436207445598896	-0.0009805380980581107	2.7615585845506097	0.7440780312164536
-0.7874013797432748	0.1210417929349082	0.0006294877620842404	-2.6453133369849313	-0.0008406191000673775	2.766073464085906	0.7456777843543018
-0.7870919292641178	0.12315147509132034	0.0009121607327516849	-2.646602730115541	-0.0007465075416974824	2.7695062099399457	0.7468809610030337
-0.7868782760354489	0.12469638137030509	0.0010907342915493822	-2.6475061930443062	-0.0006617020183350962	2.7720466310417198	0.7477794642479135
-0.7868142426317265	0.12575364835461036	0.0011426542902983519	-2.648139993070237	-0.0006117978569709562	2.7737619312611397	0.7483803601200685
-0.7868038309886594	0.12642102556584298	0.0011455265853173673	-2.6485534592879323	-0.0005660526708624792	2.7748188215284726	0.7487994767570901
-0.7867538312005851	0.12679127398304818	0.0011772037507735802	-2.6488254319623	-0.0005516708641455834	2.775377295456192	0.74898454801872
-0.7867080537183643	0.12702518316350975	0.0012360288077339697	-2.6489052613056128	-0.0005488524932775277	2.7756002972710467	0.7490540840171951
