0.017340898513793945
0.050664663314819336
0.08388948440551758
0.11722207069396973
0.1505599021911621
0.18385601043701172
0.2172071933746338
0.2505364418029785
0.2837245464324951
0.31720733642578125
0.35054731369018555
0.3838672637939453
0.4172344207763672
0.45056962966918945
0.4838395118713379
0.5171873569488525
0.5506229400634766
0.5838873386383057
0.6171920299530029
0.6505305767059326
0.6838657855987549
0.7172102928161621
0.7505345344543457
0.7838852405548096
0.8171977996826172
0.8504598140716553
0.8838615417480469
0.9172229766845703
0.950554609298706
0.9838848114013672
1.0172016620635986
1.050551414489746
1.0839614868164062
1.1172103881835938
1.1505353450775146
1.18391752243042
1.2172882556915283
1.2505390644073486
1.2839117050170898
1.3172352313995361
1.350538969039917
1.3838589191436768
1.417189598083496
1.4505321979522705
1.483860969543457
1.5171959400177002
1.5505354404449463
1.5839931964874268
1.6172184944152832
1.650507926940918
1.6838111877441406
1.7171802520751953
1.7505321502685547
1.7837469577789307
1.8171944618225098
1.8505394458770752
1.8838539123535156
1.9171991348266602
1.950554370880127
1.9838275909423828
2.017181873321533
2.0505471229553223
2.083871364593506
2.117302656173706
2.1505374908447266
2.1838674545288086
2.217228651046753
2.250523805618286
2.283850908279419
2.317204475402832
2.3504340648651123
2.3838553428649902
2.4171884059906006
2.4505350589752197
2.4838569164276123
2.5172200202941895
2.5506064891815186
2.5839014053344727
2.6173150539398193
2.6506567001342773
2.6839258670806885
2.7170605659484863
2.7505171298980713
2.78387188911438
2.8171966075897217
2.850555181503296
2.8838951587677
2.9172229766845703
2.9505467414855957
2.9838650226593018
3.017228841781616
3.0504961013793945
3.0838377475738525
3.1172029972076416
3.1506779193878174
3.18377947807312
3.217211961746216
3.250542163848877
3.283879280090332
3.317140579223633
3.3505334854125977
3.38389253616333
3.417093515396118
3.4505300521850586
3.483863353729248
3.517104148864746
3.550497531890869
3.583840847015381
3.617058038711548
3.6505303382873535
3.684011936187744
3.717195510864258
3.7505295276641846
3.7838683128356934
3.817164659500122
3.850531578063965
3.8838770389556885
3.917203426361084
3.9506609439849854
3.983900547027588
4.0172107219696045
4.050481796264648
4.08387303352356
4.117193937301636
4.1505608558654785
4.18373441696167
4.217287302017212
4.250556230545044
4.283883571624756
4.317231893539429
4.350548267364502
4.3838160037994385
4.417206764221191
4.450537204742432
4.483869791030884
4.517193794250488
4.550536870956421
4.583873748779297
4.617181301116943
4.650525331497192
4.683867931365967
4.717286109924316
4.750637054443359
4.783910274505615
4.817223787307739
4.850543022155762
4.883847236633301
4.917207956314087
4.950543642044067
4.983898639678955
5.017188310623169
5.0505290031433105
5.083911418914795
5.117207288742065
5.1505286693573
5.183857440948486
5.217199802398682
5.250600099563599
5.283900737762451
5.317129373550415
5.350536584854126
5.383861780166626
5.4172022342681885
5.45056939125061
5.483858108520508
