0.0009886628660310834	-0.00046173735663208117	-0.0004534772413753697	0.0009546493079267194	8.17829942144535e-05	-0.0006159062783891825	-0.0005343218288174428
0.00245862538774312	0.00013903327018767155	-0.00045786869540604	-0.0014381128321641575	-0.000336355037430403	0.000497088497434509	-0.0015257910375605307
0.0005951565805649113	-0.002352774559869997	0.0035835218933832694	0.0013900030020213606	3.404744395626776e-05	-0.010199602853335928	0.0032866019445294743
0.0006331990849373651	-0.008816733164833127	0.001841886277553331	0.0026145358580266587	-0.00028166480454188563	-0.012313617024309359	-0.001009118907348829
0.001972945938139319	-0.010160307697773428	0.007636002044492045	0.00988074935641853	-0.0005563955508445271	-0.009484095094373939	1.0832755251557716e-05
0.004925912712294214	-0.01068405482770871	0.005047693388087544	0.0033250432013038084	0.0034786756933326626	-0.023768125175647168	0.0029484062568442913
0.005137381381420822	-0.02575436833382827	0.006210544607019715	0.012657272438570209	0.00026080790735438276	-0.03663172896738369	0.007592248423178485
0.005057415138926264	-0.03510277532912444	0.012174355966865124	0.01829491566880326	0.004309887082774112	-0.04846698231170916	0.012519638490234082
0.003960970101851461	-0.04089007576513999	0.012331529429197326	0.027730176614350188	0.0037522545691761554	-0.07429482689173457	0.0027994488195548233
0.001196978296071712	-0.05262909939447218	0.011964351653606051	0.032798627536409344	0.007534306150994556	-0.0835625329438487	0.013745968378697937
0.0038187197067864427	-0.06254847492109686	0.01587487997307122	0.03247358563103176	0.012004687712387342	-0.09520614792806716	0.010663999860657823
0.001799550329872143	-0.07465301321525701	0.01694290083416294	0.04374310338486953	0.011259331057896272	-0.11787137112332287	0.014730682918067594
0.0045769429630732	-0.0887338993265499	0.014634789404888347	0.055785083408593554	0.011800289637808914	-0.14415818595225663	0.02413893535260497
0.006847106607181668	-0.10028753277547615	0.01851902087415057	0.06010187498815844	0.025147877204865395	-0.16446001053441323	0.03317402730247332
0.01075570505113233	-0.11863063595480884	0.02651755479095963	0.0625282682188161	0.01629963589705185	-0.17662580389672006	0.025200210385833307
0.007898820727928028	-0.12877667265027795	0.02693679399507979	0.07344174992970876	0.03206970043979621	-0.2126078087371365	0.0292278192280882
0.010474475311769574	-0.14579316908426262	0.037841033431644036	0.08087503061722832	0.0272145716861732	-0.2325843440818375	0.03234686165298013
0.00768676197986456	-0.1645634711846479	0.034609005059003134	0.09750843486831529	0.02294273707824045	-0.2609177715130597	0.029913444647736834
0.0061138042921980015	-0.18867788193358187	0.03811598783205835	0.10716229871482763	0.03979972247383935	-0.2923140207939878	0.036702235549302784
0.006866538484136282	-0.1995735843278039	0.04389330127769238	0.11171423016641953	0.0349639546913506	-0.3015289846296059	0.03735154184965042
0.010134434366921477	-0.20884626590512528	0.051349524296626925	0.12726359434965703	0.037933348547128834	-0.3433753275814076	0.03983000043403967
0.008844216838871051	-0.23470805006148046	0.05349159905493612	0.13970257520388676	0.032115752547196674	-0.3658525844845879	0.04209905954039945
0.0008177956320239648	-0.2582674781213416	0.05940343859984353	0.15045310645475313	0.04282765755844827	-0.38843777838694393	0.04157164676332867
0.0010797271515477457	-0.26766787192737446	0.05848236488815738	0.15521257809478764	0.04889290111134491	-0.42425798186022673	0.041654662506685036
0.0018957466253521388	-0.27596299421408493	0.06546166448323826	0.16591350146401215	0.04450005613974626	-0.45216021745200585	0.04716341107931303
0.0014851785045883045	-0.305907226745089	0.06321736084334222	0.1723898569114292	0.052787305045530614	-0.4779924456914829	0.0516442210617228
-0.0018645750080097485	-0.3133074700178435	0.06497426435569639	0.1897851869915296	0.0567311780231289	-0.5108552674004493	0.0421603226279719
-0.005276434025909639	-0.34348098740161853	0.06748415240884838	0.19834920800216324	0.06031759385201508	-0.5307783241211175	0.04202461611008783
-0.013029774708755158	-0.35446656013951183	0.06752792014501022	0.20552619714327458	0.055879062090011034	-0.5511773129370164	0.04912422468983807
-0.015198970457492815	-0.3730436728414132	0.07594462307329354	0.21724665794912015	0.058236313830367356	-0.5820849159688075	0.0367903564599355
-0.017955272130386293	-0.4001554495707377	0.08654898615005169	0.22549192350062258	0.07284739219792101	-0.6192523296317888	0.03782647331258541
-0.02199053610976003	-0.40692417433176725	0.07275026627084796	0.2429156697118512	0.0694853794820703	-0.6346914588606752	0.032390639943021875
-0.02199053610976003	-0.40692417433176725	0.07275026627084796	0.2429156697118512	0.0694853794820703	-0.6346914588606752	0.032390639943021875
-0.03290122552922918	-0.413330604599519	0.08165971829079659	0.2359489314643069	0.0700894862757411	-0.6652685527389708	0.01760476728790774
-0.04040312608876305	-0.4394270166343547	0.07756283633826923	0.26050524011041565	0.07426102605097842	-0.689568581891596	0.029713598541013252
-0.044784674144089036	-0.4495951546708093	0.07821551217902224	0.26373224010712953	0.07291288131011607	-0.717320141222466	0.01930994719409756
-0.04573503132557606	-0.46582195950990374	0.08951083344061832	0.26588934712582973	0.06511710006139897	-0.7394519852578475	0.003172212767433627
-0.05963516727687072	-0.46963638257960927	0.08655932588732407	0.28083951545254165	0.07391849740819603	-0.7382046201440883	0.0021905602938353816
-0.06713754156770511	-0.4877116437708257	0.08343335689908657	0.28137676074175666	0.06974138405378101	-0.7740273607534368	0.002338180458857515
-0.07840721265074765	-0.4926519560524853	0.07919717345728905	0.2895627890810408	0.07705511957676565	-0.8119066189031267	-0.012389008556804207
-0.08981894078530182	-0.506768680612971	0.08589953203767407	0.3039118845986976	0.07358152007445852	-0.79891528958582	-0.0254515733269585
-0.0995250976491481	-0.5248952436895454	0.07962099852389148	0.30314816788703486	0.07188577891510076	-0.8210846039055005	-0.032336224440558385
-0.11520075829247194	-0.5311364376014605	0.07958384896141223	0.31020266799379914	0.0753134592436852	-0.8228604642175706	-0.045202194792817875
-0.12890836647313622	-0.5295685297765237	0.07240269735096554	0.3140444721373211	0.07115675314606407	-0.8404398263865765	-0.06663275549241225
-0.1374378605982308	-0.5403126369208802	0.07065009723005311	0.31092252222428235	0.07246522875693802	-0.8442338279915514	-0.07491188798491683
-0.14888189112961947	-0.5449914446963844	0.07605227431245205	0.32580453562696393	0.07123902284352393	-0.8495989595089838	-0.09561878873157324
-0.168659633154259	-0.5365657241870294	0.07640331933621554	0.3202544037237806	0.06748255733168936	-0.8629436059785008	-0.10989067734783502
-0.18906269430953063	-0.5456492519052952	0.06670930837041138	0.31694283232656295	0.06137609409766691	-0.8604044755605457	-0.12441119257965477
-0.208191891644456	-0.5455150075643519	0.0643499532698985	0.3167284024973803	0.07049118487733899	-0.879932441477755	-0.1387482337766413
-0.22004169822182396	-0.5425847770879357	0.06143091920019207	0.32795763926174865	0.05785145760273017	-0.8617610736643005	-0.16868840294223236
-0.24068722840459003	-0.5318768911830116	0.061875804856301835	0.31743685125406335	0.048721907969757915	-0.852777132855755	-0.1889523565649935
-0.2606091406975786	-0.5384227552780719	0.040910345069216474	0.30953539037228234	0.05407744672997802	-0.8464319612584728	-0.2057304041392835
-0.2817624837049204	-0.5273357230935224	0.030246571191608135	0.3069703563519729	0.045607719057534205	-0.8336875106571894	-0.2382952182940483
-0.2999272856849018	-0.5224132836475719	0.030109510815414665	0.29801530067056436	0.03713644744643227	-0.8331921145528478	-0.25772242564591435
-0.33345541310614724	-0.5041954602210634	0.023158721235240976	0.30158738819764813	0.037568897994323336	-0.8160536756511522	-0.2937444796513575
-0.3469586331011725	-0.5032354047770502	0.010200795660367084	0.29511145703618835	0.03625887606278859	-0.8011185831209324	-0.315333717217341
-0.3682163522403107	-0.48335011847679993	0.0008089047010235635	0.2842489372161444	0.020398700998694085	-0.7652638620305829	-0.3619173229218033
-0.3943484434771418	-0.4858224824599891	-5.8518997893083294e-05	0.286847886923138	0.020416414952165257	-0.7545325966438079	-0.37487208950714884
-0.42827555668198064	-0.4729406200088291	-0.007658602924349703	0.26966670589090275	0.01450799918025032	-0.7331430875628338	-0.39423427275897166
-0.4319326799562925	-0.4460300046917709	-0.012622375799916055	0.2662946554685977	0.014745743698010912	-0.7235488118530999	-0.4375021251677619
-0.4696485540547795	-0.443015782895607	-0.026642262855198655	0.26244500775907	0.002604933409700115	-0.700497375386396	-0.4523001483643439
-0.4704570865045487	-0.42540452359248976	-0.030702693029298015	0.2482218707665802	-0.0002465672235533963	-0.6843358184729456	-0.45768959734094566
-0.4956851365926653	-0.416644407902413	-0.03420117257533406	0.2514858973136339	0.0014430734904732653	-0.6662596997885675	-0.48749160497863225
-0.5295326017873319	-0.4025508039580018	-0.05562509112509017	0.2450198537097393	0.002393805381213102	-0.6428027278357166	-0.5119125445309728
-0.5290995347310369	-0.39150606083953904	-0.048840329919600405	0.23123841877863638	-0.014367971224649211	-0.6380844804269731	-0.5455842406916823
-0.544083416217318	-0.36677883710701115	-0.05762956982770825	0.2216281517523534	-0.01149949998816355	-0.5912862718279145	-0.5787457517553178
-0.5782889777457184	-0.37302909084897395	-0.07163950617431385	0.21559955067938846	-0.020365555893514374	-0.5727232121202083	-0.5920019718479457
-0.5791322678401448	-0.35044838430977104	-0.06887385632171873	0.21237076988651943	-0.025852771765340295	-0.5589997874010855	-0.6308244773850858
-0.585161949915315	-0.3379535308871201	-0.07133983973007718	0.1972876263831139	-0.02123423163565707	-0.5257565715961484	-0.6327790645089113
-0.6070271365068679	-0.3220548362313054	-0.08061266836196115	0.19030477953430286	-0.03307140645277812	-0.5110274602599505	-0.6451298097343546
-0.6234160884402417	-0.3125264551220985	-0.09396693182731124	0.19057347328709642	-0.03633018480599892	-0.4836255239470644	-0.6355256822997016
-0.634420326734746	-0.29880408228225025	-0.09799095152447741	0.17951303998708334	-0.037790928518399367	-0.4703252278445815	-0.6629449193233996
-0.650763053014482	-0.27234979886219035	-0.08838031734253977	0.16462609465516342	-0.03802802609789163	-0.4518564138189198	-0.6517018661245587
-0.6373614957497895	-0.2648984308045094	-0.09303584106213068	0.15528576609030487	-0.03999947985949359	-0.42395249788562817	-0.6830752329196705
-0.6611068823717516	-0.25171329054164004	-0.100524255647558	0.15817870972664716	-0.042670003883719075	-0.40243487955204027	-0.7014585243003918
-0.6786258509283156	-0.23887186257652113	-0.10558800518889888	0.14038680869575496	-0.048359192443899246	-0.37750190887140567	-0.7044910332256384
-0.699101011543146	-0.22613764319532012	-0.11224098078452754	0.1360381614304339	-0.04930260875020609	-0.3617661880931161	-0.7020166322588761
-0.6973800478976427	-0.20704341202156515	-0.11577878217062594	0.1294662339471886	-0.0531199384521281	-0.3234108993043425	-0.715685821611386
-0.7001998721121008	-0.19021565342271465	-0.12975760933924999	0.11245181446558972	-0.06033035088545	-0.31037845683890697	-0.7362342440574652
-0.6992493036985095	-0.17748833960360266	-0.12175473051601067	0.1103904017576518	-0.05321799382589348	-0.2801335863676779	-0.7474009608459846
-0.7113431051292701	-0.16366066016373737	-0.11664988618806553	0.0962489257460825	-0.058325454695667814	-0.26668463799300957	-0.7213546455014995
-0.7008232041434189	-0.14744148341037536	-0.11320803472299913	0.08970344270112916	-0.057152089423589805	-0.235258437385569	-0.741010295026261
-0.7109382574230765	-0.1271387083824554	-0.11722427012375719	0.0700767055957291	-0.06809122845688616	-0.21690602796162603	-0.7611871659339502
-0.7142642081085578	-0.11776598214333962	-0.12069622376704453	0.06830346754995492	-0.06268695992605791	-0.18699801379877545	-0.7373240973877755
-0.7142642081085578	-0.11776598214333962	-0.12069622376704453	0.06830346754995492	-0.06268695992605791	-0.18699801379877545	-0.7373240973877755
-0.713242504672708	-0.10710354596737785	-0.12405331768313466	0.06464243846348036	-0.06313056990494754	-0.1608286763474928	-0.7583088479811274
-0.7111691578526218	-0.0904829419397403	-0.1255618171855724	0.0468518553722815	-0.06512329135462804	-0.13780777835694277	-0.7775167956131998
-0.7073545096264618	-0.06793344432952343	-0.12691208727563902	0.04400283240371054	-0.06603052913172724	-0.10955196010970031	-0.7486156021717385
-0.7057470023796351	-0.051947948009290555	-0.12754183100440997	0.026752400178401057	-0.06168621920141171	-0.08378887287248304	-0.7662844893320561
-0.7096247790650737	-0.03474599889635835	-0.12977335955708563	0.01618225683917668	-0.07085234119064414	-0.05713441410983314	-0.7857678679868965
-0.7153859992433099	-0.012405911374266962	-0.13130802500511327	0.013426489683196707	-0.0690008081259066	-0.032671217867885474	-0.7702472154718216
-0.7134175324680408	0.005464346405720087	-0.1366027979116251	0.0030855048431011993	-0.06856443558349176	-0.00964965707377789	-0.77036988977629
-0.7163085755422336	0.014017623741735158	-0.13948842294824138	-0.007634536566384426	-0.06688461163452643	0.02944069104752547	-0.7743052488663543
-0.732559439492377	0.03611751430151741	-0.14044040983252581	-0.01799663458107365	-0.07078558883882981	0.053930169846497386	-0.7430973699845707
-0.7042004769225478	0.04858595357206841	-0.130423095343117	-0.024908497568877412	-0.07757765694007326	0.08041534539190498	-0.7508022574685733
-0.7172830156484928	0.06816852740718525	-0.13133577549658101	-0.03981556820110676	-0.0709488654228664	0.10561521718251735	-0.7620292619392031
-0.7025528657387597	0.08616853842564057	-0.1298910574740201	-0.052500505784981145	-0.05935189460265648	0.14560206842741305	-0.752428393853248
-0.6886696450601487	0.10696054114592253	-0.11733471316312775	-0.058720515681968406	-0.05652541623643846	0.168112412387609	-0.7160254471012487
-0.6696462301525515	0.11927678700213584	-0.1183351895986425	-0.07820339272807673	-0.05372137164476418	0.19953297370925405	-0.714628658360285
-0.6607633504488025	0.14207250953287623	-0.11847028792607507	-0.08303440978875558	-0.06574697694050027	0.22706232952177088	-0.7275817000405852
-0.6572215519342604	0.16344217889755863	-0.11681527944977188	-0.08668138805442546	-0.06257253239143935	0.2543397854604456	-0.6948653233183527
-0.6552574437081959	0.18345136902873982	-0.12142514541837748	-0.10349180441775838	-0.059221820329948556	0.2776308859894682	-0.6738024421582133
-0.6568838444399314	0.20241803934501673	-0.12205473802324864	-0.12122782218648546	-0.0637803728515649	0.30693823490650735	-0.6710018015414015
-0.6491731243198325	0.21769553622252055	-0.12421980544537262	-0.1231156448581947	-0.06173838823486255	0.33478317938290475	-0.6652464708692075
-0.6104993268233441	0.2368493169105648	-0.10071962297492716	-0.14444907895128267	-0.0536881057360966	0.37105165309423765	-0.6579749086552987
-0.6123421130312641	0.25440771225346814	-0.10268800929628914	-0.1512026081916696	-0.04996687528598044	0.403532609491291	-0.6475817807990728
-0.6156682659100937	0.2738527580241011	-0.09892371367790624	-0.15983912287539767	-0.04823722160970202	0.435923912000622	-0.6218065613326175
-0.5889723178692126	0.3014977955518492	-0.10324625956706573	-0.1797608536988169	-0.05602021554406267	0.46222176010161803	-0.6012957788695733
-0.5663336772691758	0.32363533959002566	-0.09902840652290024	-0.1809173416999497	-0.041488626732435294	0.4864167726536703	-0.5839952370230047
-0.5427459989963734	0.3398018325162126	-0.08914755758883099	-0.20194670909874415	-0.04240091203460094	0.5195513602022455	-0.5664633225515285
-0.5339398591001465	0.350749587713221	-0.09051173598575252	-0.20709003020740976	-0.042675145227673905	0.5578729432549574	-0.5399112984484797
-0.5272387608817575	0.3749030408676827	-0.08923445818435079	-0.22169033416620915	-0.04144365178616441	0.5882863755972002	-0.5372916656990327
-0.4896266843518594	0.3945253566118201	-0.06945073151893823	-0.2280275848229555	-0.034608825808917595	0.6335216265650142	-0.5275634444641523
-0.48852774665197307	0.40885634001308374	-0.0652428395107633	-0.24874497210544927	-0.030654491247347607	0.651436493301143	-0.4914235819312123
-0.465348160285126	0.440253469386765	-0.07078994001334969	-0.2614293416284192	-0.03889998367383789	0.6886953455511688	-0.47937594394811156
-0.4286138637955512	0.46055239870785963	-0.05358155626918672	-0.26962921838008164	-0.01918603888405425	0.731351412143756	-0.4350224433995616
-0.4271160699875144	0.4823047307475189	-0.05992444447854705	-0.27916876243909633	-0.03004824242983391	0.7569484786081705	-0.39070215202543784
-0.3910137892683194	0.5024250120778474	-0.03970876596450446	-0.30555785345220093	-0.01950631093670523	0.7811802046967959	-0.39834306000173003
-0.3866744912448231	0.5250654758854649	-0.04160475502066643	-0.31163088560193375	-0.012766732490504246	0.8317868071620449	-0.36996490420948497
-0.35233581627371613	0.5371562065061377	-0.031342222956990316	-0.3126663290046549	-0.009792932324814431	0.851935231791133	-0.3249608536238584
-0.3329214632979879	0.5697387614619381	-0.036372663678851315	-0.336506365160249	-0.0003063368022290618	0.8878527992513903	-0.31427139695359757
-0.30538788705352177	0.6073259857493243	-0.018031075927419597	-0.3386835128463307	0.0012480586526228145	0.9476351172882215	-0.2687144340531008
-0.28152452823844787	0.6089837277683734	-0.01111927130063849	-0.3731721163285845	0.003274665780342976	0.9605453238098858	-0.25535960867655066
-0.24720561082571355	0.6386760591446358	-0.009654001614025966	-0.36899527681178285	0.008604271557155641	1.0147342926428675	-0.2114282164846069
-0.2289296268392332	0.6521900601592521	-0.00018021740419259052	-0.3773481902591919	0.010770845557915425	1.0599720909981	-0.19494635880127115
-0.20008184909375687	0.676576321567653	0.01527682315158806	-0.39414938139438527	0.016156346252908668	1.0629384988514663	-0.15289338240844913
-0.18324759982393657	0.6954602018440015	0.005320272700392661	-0.41118699257177665	0.023127051888773023	1.0734910053744704	-0.13070128794857272
-0.1620804104866091	0.7055580330289081	0.02037389665958706	-0.40741268783414053	0.02596903538085981	1.1098500407501635	-0.10985138905040501
-0.13594200166456383	0.7144047192698042	0.03128705681470266	-0.4259148646856395	0.030775404805359785	1.1185047633791267	-0.08156257341437939
-0.12567341717036895	0.7018678133947676	0.0339996354099762	-0.41047158734708905	0.03209554112525545	1.1406495457392167	-0.06030683394261531
-0.10473517577328799	0.6938711611896754	0.03683295206778885	-0.41364490050065295	0.02574110011107891	1.1101451270194012	-0.04247298141854587
-0.0814805049398961	0.6858123205512657	0.03943789500454658	-0.41716268231717707	0.037941747317682635	1.117113207176147	-0.03213657115304315
-0.0748957923165461	0.6967932490915655	0.040716235322186836	-0.40642062253950867	0.03530711283591815	1.0797463152913318	-0.012658792430146247
-0.05250138952637838	0.6811589420683067	0.0487354877131618	-0.3918698616201957	0.03819210036040039	1.089105647013845	1.2872359450270121e-05
-0.051729167139777356	0.6660360311417829	0.04328998829332551	-0.40131179862241867	0.03465296031512902	1.0558048851565496	0.005268283785140401
-0.040169518865144756	0.6515580312001718	0.04705230923095098	-0.37874876039532906	0.03965936340776679	1.0249713492679406	0.018694170174108696
-0.032822391064247	0.6428073316657997	0.04920910080058535	-0.3781453880034208	0.0433902720652118	0.9901392866419382	0.031574515748282836
-0.032822391064247	0.6428073316657997	0.04920910080058535	-0.3781453880034208	0.0433902720652118	0.9901392866419382	0.031574515748282836
-0.015549561656018137	0.607189379831256	0.04634835644683601	-0.3615731461761379	0.04280627802273319	0.9688550900985771	0.035421914579607514
-0.012490783726125894	0.5777710620981233	0.04536883132359161	-0.348861770211001	0.03687464784760442	0.927415760238822	0.03314217462332819
-0.007113567646847827	0.5598134371071678	0.047427120846455485	-0.3149469450503736	0.035871625154425074	0.8957865057830672	0.05707533809616419
0.0004995868074329162	0.5421432418206256	0.042206472707145115	-0.3203328331573336	0.037648236103499225	0.8567199753141257	0.046232810844934295
0.006632820086882433	0.49648426071078533	0.04265394463272481	-0.3005421127725122	0.04106415710034316	0.8077915907425305	0.051918426520228114
0.007816271048125396	0.48481194969213104	0.04326672703964239	-0.2826704350609845	0.034014277612737266	0.7638891867328677	0.06267642115094646
0.013356483875800757	0.4449163714098134	0.03780756772224834	-0.27122261018524624	0.03325265468339501	0.7275245471152412	0.06161412538650815
0.01141858865830398	0.42399948004140814	0.03638162981118153	-0.24408520893412836	0.033258234579745714	0.6898749455852479	0.057983906585471395
0.01877175175444979	0.4019090756570031	0.04096626051020627	-0.2414423589693627	0.02649150621839592	0.623456102358348	0.053732798412466365
0.019672616015745725	0.35486176447070134	0.026151020855947414	-0.20668699244556513	0.03060392794366929	0.5668487984647459	0.05223540113282172
0.024356106293783413	0.3348847945099005	0.02943432382964738	-0.19547091377213577	0.021493413479671753	0.5322286199966334	0.053820510106645895
0.017891073257635344	0.30445161514694064	0.02207231508732916	-0.17699878205651595	0.012980661512022523	0.483269987407805	0.05642631352040889
0.022601503993821076	0.2694343833271801	0.026141931040245807	-0.16097628989834922	0.018790784772576567	0.44420151526631263	0.04900264282417476
0.01667089358839913	0.24304848142997862	0.022854371929234066	-0.13851862850147192	0.021788568503153645	0.3827966436133855	0.039603891884192576
0.014326873727406191	0.21363310400480237	0.020425288054358982	-0.12732192047549926	0.01061078076443594	0.33767426540376816	0.033775991011235316
0.015798644523204442	0.1871015154996471	0.023349182526826988	-0.11417692774247386	0.01023653273680405	0.30391835582505133	0.022733333931854057
0.011929492601991509	0.16400378962687545	0.01127246284862783	-0.09466374102945056	0.018320291449083356	0.25358084294661726	0.03266837008689379
0.014279966210115846	0.1330069656852276	0.017507049872153117	-0.08020504528118547	0.011488079203811475	0.2116377302799774	0.019025122482253135
0.011747738749922448	0.11715932503547895	0.013248667666214499	-0.07523618701036235	0.00962901440245732	0.18512775350599803	0.025978257563748993
0.010809213976863897	0.09217915333242568	0.008517298530652851	-0.055950931117007704	0.006002924505390988	0.14755832148839798	0.021359619663076763
0.010628387015100677	0.0744089965087604	0.008944542012771086	-0.04916548628896077	0.004267365477895226	0.11510599283328557	0.004509960171340294
0.0004666768791357545	0.050821262566408086	0.004520116401089083	-0.027353461751302665	0.0019446378953598526	0.08266907657294659	0.01777536925888367
-0.0004894788937953117	0.039347298056341316	0.007214816780516473	-0.025476747650715875	0.00633648229720361	0.06467300890777616	0.007669114645906168
0.00040350861591657226	0.02415236625534535	-0.0013213608376884955	-0.020153547072270975	0.0002887516874001034	0.03714265145634773	0.0020200320228448147
-0.001164345253886175	0.016994841271112514	3.314160491565553e-05	-0.008986726331151197	0.0014683737085473983	0.024229376285717214	0.002163298040511536
0.0009098158997611874	0.009483460505455083	-0.00020988866318258115	-0.0033355886745444355	0.001974224490469477	0.006090993021376087	-0.0003371964891006485
0.0006363607780675263	0.0035859556757723036	0.0009550765198030005	-0.00037794278486429783	-0.0003729723492110849	0.0009032618346370764	0.0008711580993896145
