0.026840686798095703
0.060166358947753906
0.09343147277832031
0.1267683506011963
0.1600513458251953
0.1933274269104004
0.22678136825561523
0.2600090503692627
0.2934231758117676
0.32676005363464355
0.3600316047668457
0.39345431327819824
0.4267575740814209
0.46021437644958496
0.4934518337249756
0.5267889499664307
0.5600910186767578
0.5935201644897461
0.6268372535705566
0.6601066589355469
0.6934406757354736
0.7267770767211914
0.7601041793823242
0.7934207916259766
0.8267538547515869
0.860079288482666
0.8934421539306641
0.9267785549163818
0.9601490497589111
0.9935073852539062
1.0268476009368896
1.0601184368133545
1.0934395790100098
1.1268773078918457
1.1601083278656006
1.193448781967163
1.2267889976501465
1.2601244449615479
1.2933855056762695
1.3267736434936523
1.3601114749908447
1.3934261798858643
1.4267091751098633
1.4601128101348877
1.493532419204712
1.5268046855926514
1.5601317882537842
1.593447208404541
1.6267805099487305
1.6600208282470703
1.6934373378753662
1.7267510890960693
1.760087251663208
1.7934479713439941
1.8267827033996582
1.8601548671722412
1.8934006690979004
1.9268238544464111
1.960099697113037
1.9934296607971191
2.026862382888794
2.0601117610931396
2.093444347381592
2.1266610622406006
2.1601078510284424
2.193431854248047
2.226762533187866
2.260010242462158
2.293419599533081
2.326777458190918
2.3599560260772705
2.393404006958008
2.4269015789031982
2.460116386413574
2.4934310913085938
2.5267837047576904
2.5601959228515625
2.5934665203094482
2.6267757415771484
2.6601550579071045
2.693472146987915
2.7268238067626953
2.7602248191833496
2.7934489250183105
2.8267712593078613
2.860098361968994
2.8934414386749268
2.9267737865448
2.960115432739258
2.9934585094451904
3.026782512664795
3.0602049827575684
3.09346604347229
3.126789093017578
3.1600680351257324
3.193436861038208
3.2267630100250244
3.2601006031036377
3.2934398651123047
3.3267855644226074
3.3601033687591553
3.393420457839966
3.4267385005950928
3.460113763809204
3.4934146404266357
3.526775360107422
3.559993267059326
3.593557834625244
3.626859426498413
3.6601738929748535
3.693418025970459
3.7267262935638428
3.7599802017211914
3.7934439182281494
3.8267762660980225
3.8601436614990234
3.8934359550476074
3.9267609119415283
3.960092067718506
3.9934375286102295
4.0267653465271
4.060098171234131
4.093427419662476
4.12687087059021
4.1600987911224365
4.1934404373168945
4.226819276809692
4.260119676589966
4.293444633483887
4.32661247253418
4.360120534896851
4.393340826034546
4.426752090454102
4.460122585296631
4.493421316146851
4.526758193969727
4.560126304626465
4.593416690826416
4.626880884170532
4.660147190093994
4.693504333496094
4.726799726486206
4.760099172592163
4.793456077575684
4.82677698135376
4.86016058921814
4.893483400344849
4.926718235015869
4.960102558135986
4.993434906005859
5.026775360107422
5.06007981300354
5.093441486358643
5.126772403717041
5.160233974456787
5.193423271179199
5.226790189743042
5.260107517242432
5.293428897857666
5.326779365539551
5.360105514526367
5.393355846405029
5.426738023757935
5.460117340087891
5.493419408798218
