0.18859583139419556	-23.850412368774414	0.4929778575897217	12.802249908447266	-0.06071905791759491	1.431025743484497	-0.4922947585582733
0.11321741342544556	-23.929758071899414	0.4929778575897217	12.877628326416016	-0.05156378448009491	1.391658067703247	-0.3806004226207733
0.22826868295669556	-24.155893325805664	0.5326507091522217	13.024417877197266	-0.05156378448009491	1.371516466140747	-0.5124363899230957
0.22826868295669556	-24.457406997680664	0.5683562755584717	13.286258697509766	-0.03416876494884491	1.381587266921997	-0.3806004226207733
0.30364710092544556	-24.231271743774414	0.6477019786834717	13.024417877197266	-0.007618472911417484	1.362361192703247	-0.2991184890270233
0.37902551889419556	-24.270944595336914	0.6834075450897217	13.099796295166016	0.009776546619832516	1.322077989578247	-0.2588352859020233
0.30364710092544556	-24.608163833618164	0.6834075450897217	13.325931549072266	0.08942742645740509	1.322077989578247	-0.005234215408563614
0.26794153451919556	-24.608163833618164	0.6080291271209717	13.437015533447266	0.1251329928636551	1.362361192703247	0.055190589278936386
0.30364710092544556	-24.608163833618164	0.6834075450897217	13.401309967041016	0.1599230319261551	1.322077989578247	0.09638932347297668
0.45440393686294556	-24.798593521118164	0.7230803966522217	13.548099517822266	0.2304186373949051	1.302851915359497	0.045119788497686386
0.37902551889419556	-24.798593521118164	0.7230803966522217	13.663150787353516	0.2752794623374939	1.292781114578247	0.13667252659797668
0.41869837045669556	-24.989023208618164	0.6834075450897217	13.924991607666016	0.2926744818687439	1.272639513015747	0.18702653050422668
0.41869837045669556	-24.989023208618164	0.7230803966522217	13.885318756103516	0.3540148138999939	1.292781114578247	0.12660172581672668
0.37902551889419556	-24.913644790649414	0.6477019786834717	13.924991607666016	0.3540148138999939	1.312007188796997	0.15681412816047668
0.37902551889419556	-24.913644790649414	0.6834075450897217	14.036075592041016	0.4254259467124939	1.332148790359497	0.19709733128547668
0.45440393686294556	-24.913644790649414	0.5683562755584717	14.036075592041016	0.4428209662437439	1.332148790359497	0.18702653050422668
0.45440393686294556	-25.139780044555664	0.6080291271209717	14.559757232666016	0.4071153998374939	1.391658067703247	0.23829606175422668
0.37902551889419556	-24.762887954711914	0.6477019786834717	14.524051666259766	0.4867662787437439	1.332148790359497	0.2584376633167267
0.41869837045669556	-24.838266372680664	0.5683562755584717	14.821598052978516	0.5133165717124939	1.371516466140747	0.20716813206672668
0.45440393686294556	-24.647836685180664	0.5683562755584717	14.674808502197266	0.5307115912437439	1.233271837234497	0.24836686253547668
0.37902551889419556	-24.949350357055664	0.5326507091522217	15.123111724853516	0.5572618842124939	1.381587266921997	0.2886500656604767
0.30364710092544556	-24.949350357055664	0.4929778575897217	15.349246978759766	0.5746569037437439	1.411799669265747	0.3802028000354767
0.37902551889419556	-24.382028579711914	0.4572722911834717	14.936649322509766	0.6103624701499939	1.342219591140747	0.2987208664417267
0.37902551889419556	-24.270944595336914	0.5683562755584717	15.309574127197266	0.6634630560874939	1.352290391921997	0.24836686253547668
0.30364710092544556	-25.064401626586914	0.4572722911834717	15.908634185791016	0.6634630560874939	1.411799669265747	0.4104152023792267
0.22826868295669556	-24.116220474243164	0.4175994396209717	15.797550201416016	0.6982530951499939	1.381587266921997	0.2584376633167267
0.26794153451919556	-24.346323013305664	0.3422210216522217	16.059391021728516	0.6543077826499939	1.480464220046997	0.2886500656604767
0.0021334290504455566	-24.116220474243164	0.18749690055847168	16.023685455322266	0.6726183295249939	1.352290391921997	0.3188624680042267
0.22826868295669556	-24.005136489868164	0.3779265880584717	16.844913482666016	0.7165636420249939	1.342219591140747	0.3390040695667267
0.30364710092544556	-24.116220474243164	0.3779265880584717	16.694156646728516	0.6982530951499939	1.352290391921997	0.3188624680042267
-0.07721227407455444	-23.247385025024414	0.07641291618347168	16.769535064697266	0.7513536810874939	1.203974962234497	0.3188624680042267
-0.07721227407455444	-23.588571548461914	0.11211848258972168	17.332889556884766	0.8310045599937439	1.282710313796997	0.4003444015979767
-0.07721227407455444	-23.588571548461914	0.11211848258972168	17.332889556884766	0.8310045599937439	1.282710313796997	0.4003444015979767
0.03783899545669556	-23.172006607055664	0.15179133415222168	17.408267974853516	0.8218492865562439	1.183833360671997	0.4406276047229767
0.11321741342544556	-23.207712173461914	0.07641291618347168	17.967655181884766	0.8483995795249939	1.272639513015747	0.3289332687854767
0.0021334290504455566	-22.830820083618164	-0.0029327869415283203	18.007328033447266	0.9015001654624939	1.322077989578247	0.4104152023792267
-0.18829625844955444	-22.338876724243164	-0.19336247444152832	18.043033599853516	0.8841051459312439	1.253413438796997	0.4104152023792267
-0.30334752798080444	-22.525339126586914	-0.3441193103790283	18.566715240478516	0.9280504584312439	1.253413438796997	0.3390040695667267
-0.41839879751205444	-21.501779556274414	-0.4194977283477783	18.868228912353516	0.9106554388999939	1.292781114578247	0.19709733128547668
-0.15259069204330444	-21.466073989868164	-0.3084137439727783	19.094364166259766	0.9985460638999939	1.302851915359497	0.07533219456672668
-0.34302037954330444	-21.124887466430664	-0.5345489978790283	18.868228912353516	1.1047472953796387	1.213130235671997	-0.035446617752313614
-0.22796911001205444	-20.291757583618164	-0.5742218494415283	19.768802642822266	1.0608019828796387	1.262568712234497	-0.015305016189813614
-0.15259069204330444	-20.557565689086914	-0.5742218494415283	19.729129791259766	1.0608019828796387	1.292781114578247	-0.20848128199577332
-0.18829625844955444	-19.835519790649414	-0.6496002674102783	19.840213775634766	1.1486926078796387	1.312007188796997	-0.2789768874645233
0.07751184701919556	-19.153146743774414	-0.6138947010040283	19.955265045166016	1.1843981742858887	1.272639513015747	-0.2890476882457733
-0.34302037954330444	-18.815927505493164	-1.0304596424102783	19.467288970947266	1.1660876274108887	1.322077989578247	-0.4309544265270233
-0.5691556334495544	-18.661203384399414	-1.4113190174102783	20.292484283447266	1.2017931938171387	1.282710313796997	-0.3906712234020233
-0.45410436391830444	-17.641611099243164	-1.4113190174102783	20.177433013916016	1.2109484672546387	1.262568712234497	-0.4208836257457733
-0.11291784048080444	-17.109994888305664	-1.1455109119415283	20.514652252197266	1.1578478813171387	1.342219591140747	-0.4208836257457733
-0.22796911001205444	-17.109994888305664	-1.2208893299102783	20.665409088134766	1.2374987602233887	1.312007188796997	-0.4309544265270233
-0.7199124693870544	-16.126108169555664	-1.9469025135040283	20.102054595947266	1.2374987602233887	1.095027208328247	-0.4108128249645233
-0.7199124693870544	-15.062875747680664	-1.9865753650665283	20.367862701416016	1.2548937797546387	1.233271837234497	-0.4510960280895233
-0.30334752798080444	-15.177927017211914	-1.3756134510040283	20.177433013916016	1.2457385063171387	1.233271837234497	-0.4208836257457733
-0.6088284850120544	-14.039316177368164	-2.0619537830352783	21.113712310791016	1.3784899711608887	1.322077989578247	-0.3192600905895233
-0.5691556334495544	-13.702096939086914	-2.1770050525665283	20.439273834228516	1.3162341117858887	1.243342638015747	-0.4510960280895233
-0.7199124693870544	-13.206186294555664	-2.0222809314727783	20.403568267822266	1.3345446586608887	1.223201036453247	-0.3091892898082733
-0.41839879751205444	-12.261972427368164	-1.9072296619415283	20.478946685791016	1.3693346977233887	1.213130235671997	-0.2588352859020233
-0.8349637389183044	-11.996164321899414	-2.2523834705352783	20.367862701416016	1.3958849906921387	1.203974962234497	-0.3705296218395233
-0.18829625844955444	-11.579599380493164	-2.4031403064727783	20.927249908447266	1.4132800102233887	1.262568712234497	-0.3705296218395233
-0.9500150084495544	-10.821847915649414	-2.7086212635040283	20.514652252197266	1.3519396781921387	1.262568712234497	-0.3503880202770233
0.15289026498794556	-10.556039810180664	-2.1770050525665283	20.292484283447266	1.4398303031921387	1.163691759109497	-0.3503880202770233
-1.0650663375854492	-10.024423599243164	-2.9387238025665283	20.816165924072266	1.3427844047546387	1.233271837234497	-0.3604588210582733
-0.37872594594955444	-9.191293716430664	-2.6332428455352783	20.367862701416016	1.2374987602233887	1.292781114578247	-0.3906712234020233
0.22826868295669556	-8.965158462524414	-2.4428131580352783	20.102054595947266	0.9546007513999939	1.084956407546997	-0.3906712234020233
-0.8349637389183044	-7.905892848968506	-3.0141022205352783	20.478946685791016	0.7962145209312439	1.213130235671997	-0.3503880202770233
-0.5334500670433044	-8.092355728149414	-2.8633453845977783	20.102054595947266	0.6634630560874939	1.243342638015747	-0.2991184890270233
0.41869837045669556	-7.298898220062256	-2.2127106189727783	20.141727447509766	0.7962145209312439	1.292781114578247	-0.2588352859020233
-0.8349637389183044	-7.033090114593506	-2.7839996814727783	19.768802642822266	0.6012071967124939	1.223201036453247	-0.2689060866832733
-0.7595853209495544	-6.501473903656006	-3.1291534900665283	20.141727447509766	0.6195177435874939	1.332148790359497	-0.3503880202770233
-0.45410436391830444	-6.426095485687256	-2.5935699939727783	19.915592193603516	0.5838121771812439	1.282710313796997	-0.19841048121452332
0.18859583139419556	-6.124581813812256	-2.2127106189727783	19.915592193603516	0.5041612982749939	1.262568712234497	-0.24876448512077332
0.07751184701919556	-4.985970973968506	-2.2523834705352783	19.316532135009766	0.4254259467124939	1.223201036453247	-0.3091892898082733
-0.45410436391830444	-5.366830348968506	-2.6729156970977783	19.693424224853516	0.3897203803062439	1.282710313796997	-0.3302464187145233
-0.7595853209495544	-4.724130153656006	-2.9387238025665283	19.542667388916016	0.3805651068687439	1.233271837234497	-0.3192600905895233
-0.6445340514183044	-4.418649196624756	-2.6729156970977783	19.316532135009766	0.3805651068687439	1.253413438796997	-0.24876448512077332
-0.37872594594955444	-4.152841091156006	-2.6332428455352783	19.280826568603516	0.3192247748374939	1.183833360671997	-0.3302464187145233
-0.07721227407455444	-3.510140895843506	-2.2523834705352783	19.316532135009766	0.3540148138999939	1.243342638015747	-0.3192600905895233
0.15289026498794556	-3.284005641937256	-1.9865753650665283	19.054691314697266	0.3540148138999939	1.095027208328247	-0.3705296218395233
0.26794153451919556	-3.585519313812256	-1.8318512439727783	19.280826568603516	0.4867662787437439	1.223201036453247	-0.3192600905895233
0.11321741342544556	-3.359384059906006	-1.9072296619415283	19.205448150634766	0.3457750678062439	1.272639513015747	-0.2588352859020233
-0.45410436391830444	-2.712716579437256	-2.4031403064727783	18.943607330322266	0.3723253607749939	1.253413438796997	-0.3192600905895233
-0.49377721548080444	-2.070016384124756	-2.5181915760040283	18.495304107666016	0.3540148138999939	1.183833360671997	-0.3604588210582733
-0.6842069029808044	-2.486581325531006	-2.7086212635040283	19.018985748291016	0.3540148138999939	1.213130235671997	-0.18833968043327332
-0.7595853209495544	-2.296151638031006	-2.4428131580352783	19.205448150634766	0.4336656928062439	1.312007188796997	-0.3192600905895233
-0.7595853209495544	-2.296151638031006	-2.4428131580352783	19.205448150634766	0.4336656928062439	1.312007188796997	-0.3192600905895233
-0.7595853209495544	-1.8438812494277954	-2.2127106189727783	19.018985748291016	0.3988756537437439	1.272639513015747	-0.21855208277702332
-0.6842069029808044	-1.8795868158340454	-1.9865753650665283	18.979312896728516	0.4254259467124939	1.253413438796997	-0.3091892898082733
-0.6842069029808044	-1.7288299798965454	-1.9469025135040283	18.868228912353516	0.3897203803062439	1.272639513015747	-0.3091892898082733
-0.45410436391830444	-1.6931244134902954	-1.9469025135040283	18.757144927978516	0.4510607123374939	1.173762559890747	-0.2689060866832733
-0.34302037954330444	-1.6931244134902954	-1.9469025135040283	18.868228912353516	0.5133165717124939	1.193904161453247	-0.19841048121452332
0.11321741342544556	-1.9192596673965454	-1.6414215564727783	18.868228912353516	0.4867662787437439	1.183833360671997	-0.2588352859020233
0.30364710092544556	-1.8042083978652954	-1.3756134510040283	18.681766510009766	0.5133165717124939	1.173762559890747	-0.2991184890270233
0.49407678842544556	-1.4273163080215454	-1.0304596424102783	18.229496002197266	0.5041612982749939	1.322077989578247	-0.2890476882457733
0.6091280579566956	-1.4630218744277954	-1.0304596424102783	18.380252838134766	0.6012071967124939	1.470393419265747	-0.19841048121452332
0.49407678842544556	-1.1218353509902954	-1.3002350330352783	18.344547271728516	0.5838121771812439	1.461238145828247	-0.2789768874645233
0.18859583139419556	-1.1615082025527954	-1.4509918689727783	18.082706451416016	0.5490221381187439	1.550044298171997	-0.3192600905895233
-0.45410436391830444	-1.2765594720840454	-1.5263702869415283	18.304874420166016	0.4602159857749939	1.550044298171997	-0.2789768874645233
-0.6842069029808044	-1.4630218744277954	-1.6414215564727783	18.229496002197266	0.4254259467124939	1.500605821609497	-0.2991184890270233
-0.8746365904808044	-1.8438812494277954	-1.4113190174102783	18.344547271728516	0.3897203803062439	1.579341173171997	-0.2991184890270233
-0.6842069029808044	-1.8795868158340454	-1.1851837635040283	18.304874420166016	0.4776110053062439	1.589411973953247	-0.19841048121452332
-0.34302037954330444	-2.145394802093506	-1.0701324939727783	18.269168853759766	0.4428209662437439	1.529902696609497	-0.23869368433952332
0.07751184701919556	-2.260446071624756	-0.5345489978790283	18.193790435791016	0.5307115912437439	1.560115098953247	-0.24876448512077332
0.5337496399879456	-2.335824489593506	-0.5345489978790283	18.082706451416016	0.4959215521812439	1.510676622390747	-0.3302464187145233
0.07751184701919556	-3.018197536468506	-0.8400299549102783	18.566715240478516	0.5572618842124939	1.569270372390747	-0.2588352859020233
-0.6842069029808044	-3.395089626312256	-1.3359405994415283	18.903934478759766	0.4867662787437439	1.519831895828247	-0.3503880202770233
-0.22796911001205444	-3.133248805999756	-0.8043243885040283	18.757144927978516	0.5572618842124939	1.560115098953247	-0.22862288355827332
0.34331995248794556	-3.359384059906006	-0.4988434314727783	18.681766510009766	0.4959215521812439	1.510676622390747	-0.22862288355827332
0.49407678842544556	-4.343270778656006	-0.2687408924102783	18.979312896728516	0.6460680365562439	1.569270372390747	-0.2789768874645233
-0.49377721548080444	-4.644784450531006	-0.5742218494415283	18.832523345947266	0.4510607123374939	1.550044298171997	-0.23869368433952332
-0.6088284850120544	-5.402535915374756	-0.6496002674102783	18.943607330322266	0.4602159857749939	1.490535020828247	-0.2789768874645233
0.11321741342544556	-5.668344020843506	-0.03863835334777832	19.054691314697266	0.5490221381187439	1.519831895828247	-0.3604588210582733
0.37902551889419556	-5.632638454437256	-0.03863835334777832	18.868228912353516	0.5224718451499939	1.451167345046997	-0.2689060866832733
-0.8349637389183044	-6.576852321624756	-0.7249786853790283	19.205448150634766	0.4693712592124939	1.362361192703247	-0.3091892898082733
0.6091280579566956	-7.374276638031006	0.11211848258972168	19.431583404541016	0.5133165717124939	1.411799669265747	-0.3906712234020233
-0.07721227407455444	-7.489327907562256	-0.07831120491027832	19.431583404541016	0.6012071967124939	1.441096544265747	-0.22862288355827332
-0.41839879751205444	-7.866219997406006	-0.3084137439727783	19.578372955322266	0.4162706732749939	1.480464220046997	-0.3604588210582733
0.8749361634254456	-8.358163833618164	0.4175994396209717	19.356204986572266	0.6195177435874939	1.362361192703247	-0.3806004226207733
-0.37872594594955444	-9.266672134399414	-0.15368962287902832	19.618045806884766	0.4254259467124939	1.441096544265747	-0.2789768874645233
0.9503145813941956	-9.837961196899414	0.5326507091522217	19.693424224853516	0.4602159857749939	1.510676622390747	-0.2789768874645233
-0.34302037954330444	-9.949045181274414	0.11211848258972168	19.316532135009766	0.3897203803062439	1.490535020828247	-0.3403172194957733
0.6448336243629456	-11.428842544555664	0.4175994396209717	19.879886627197266	0.4602159857749939	1.550044298171997	-0.3091892898082733
0.15289026498794556	-12.031869888305664	0.3779265880584717	19.280826568603516	0.4254259467124939	1.441096544265747	-0.2991184890270233
0.18859583139419556	-12.714242935180664	0.15179133415222168	19.618045806884766	0.4776110053062439	1.560115098953247	-0.3192600905895233
0.11321741342544556	-12.944345474243164	0.3025481700897217	19.431583404541016	0.5398668646812439	1.371516466140747	-0.2890476882457733
0.30364710092544556	-13.813180923461914	0.7627532482147217	19.130069732666016	0.6726183295249939	1.391658067703247	-0.2789768874645233
-0.22796911001205444	-15.062875747680664	0.11211848258972168	19.804508209228516	0.6900133490562439	1.362361192703247	-0.2890476882457733
0.41869837045669556	-15.554819107055664	0.7627532482147217	19.431583404541016	0.7339586615562439	1.510676622390747	-0.3604588210582733
0.49407678842544556	-16.919565200805664	1.0285613536834717	19.693424224853516	0.8044542670249939	1.381587266921997	-0.3906712234020233
-0.07721227407455444	-17.451181411743164	0.5683562755584717	19.653751373291016	0.7074083685874939	1.480464220046997	-0.3091892898082733
-0.15259069204330444	-18.208932876586914	0.18749690055847168	19.653751373291016	0.8044542670249939	1.371516466140747	-0.4108128249645233
-0.11291784048080444	-18.776254653930664	0.3422210216522217	19.391910552978516	0.8044542670249939	1.480464220046997	-0.4922947585582733
0.22826868295669556	-19.609384536743164	0.6834075450897217	19.018985748291016	0.7339586615562439	1.490535020828247	-0.4721531569957733
0.18859583139419556	-20.141000747680664	0.6834075450897217	18.903934478759766	0.8136095404624939	1.579341173171997	-0.4922947585582733
-0.22796911001205444	-20.557565689086914	0.18749690055847168	18.419925689697266	0.8044542670249939	1.441096544265747	-0.3705296218395233
0.11321741342544556	-21.275644302368164	0.3779265880584717	18.832523345947266	0.6982530951499939	1.529902696609497	-0.09678694605827332
-0.15259069204330444	-21.692209243774414	0.22716975212097168	18.007328033447266	0.6900133490562439	1.569270372390747	0.07533219456672668
0.11321741342544556	-22.676095962524414	0.4175994396209717	18.304874420166016	0.6634630560874939	1.718501329421997	0.055190589278936386
0.11321741342544556	-22.676095962524414	0.4175994396209717	18.304874420166016	0.6634630560874939	1.718501329421997	0.055190589278936386
-0.30334752798080444	-22.449960708618164	0.11211848258972168	17.630435943603516	0.7339586615562439	1.550044298171997	0.12660172581672668
-0.22796911001205444	-22.791147232055664	0.2668426036834717	17.443973541259766	0.7248033881187439	1.658992052078247	0.20716813206672668
-0.41839879751205444	-23.513193130493164	-0.0029327869415283203	17.221805572509766	0.7248033881187439	1.658992052078247	0.17695572972297668
-0.11291784048080444	-23.739328384399414	0.3779265880584717	17.182132720947266	0.6277574896812439	1.550044298171997	0.3188624680042267
-0.26764196157455444	-23.890085220336914	0.11211848258972168	16.959964752197266	0.6634630560874939	1.708430528640747	0.3802028000354767
-0.22796911001205444	-24.155893325805664	0.07641291618347168	15.908634185791016	0.6460680365562439	1.519831895828247	0.2685084640979767
-0.26764196157455444	-24.270944595336914	0.11211848258972168	16.471988677978516	0.6369127631187439	1.718501329421997	0.3802028000354767
-0.15259069204330444	-24.457406997680664	0.07641291618347168	15.686466217041016	0.7339586615562439	1.669062852859497	0.3802028000354767
-0.11291784048080444	-24.723215103149414	0.18749690055847168	15.535709381103516	0.6726183295249939	1.678218126296997	0.3289332687854767
-0.15259069204330444	-24.306650161743164	0.18749690055847168	15.273868560791016	0.6369127631187439	1.757869005203247	0.4003444015979767
-0.37872594594955444	-25.254831314086914	-0.07831120491027832	15.198490142822266	0.6460680365562439	1.669062852859497	0.3390040695667267
-0.18829625844955444	-24.608163833618164	0.11211848258972168	14.524051666259766	0.5929674506187439	1.560115098953247	0.2886500656604767
-0.26764196157455444	-24.647836685180664	0.07641291618347168	14.674808502197266	0.6277574896812439	1.599482774734497	0.3188624680042267
-0.03753942251205444	-25.365915298461914	0.11211848258972168	14.151126861572266	0.6012071967124939	1.648921251296997	0.3490748703479767
-0.11291784048080444	-24.532785415649414	0.11211848258972168	14.151126861572266	0.6369127631187439	1.688288927078247	0.4607692062854767
-0.22796911001205444	-24.989023208618164	-0.0029327869415283203	13.813907623291016	0.6369127631187439	1.688288927078247	0.3802028000354767
-0.03753942251205444	-25.064401626586914	0.15179133415222168	13.813907623291016	0.5929674506187439	1.628779649734497	0.3490748703479767
-0.15259069204330444	-24.532785415649414	0.07641291618347168	13.512393951416016	0.6012071967124939	1.678218126296997	0.4607692062854767
0.0021334290504455566	-24.572458267211914	0.22716975212097168	13.401309967041016	0.5572618842124939	1.658992052078247	0.5010523796081543
-0.03753942251205444	-24.647836685180664	0.15179133415222168	13.250553131103516	0.5929674506187439	1.628779649734497	0.3902736008167267
0.0021334290504455566	-24.798593521118164	0.15179133415222168	13.325931549072266	0.5746569037437439	1.618708848953247	0.4809108078479767
-0.11291784048080444	-24.457406997680664	0.03674006462097168	13.064090728759766	0.5746569037437439	1.648921251296997	0.4406276047229767
-0.15259069204330444	-24.457406997680664	-0.0029327869415283203	12.988712310791016	0.5929674506187439	1.618708848953247	0.4909816086292267
0.03783899545669556	-24.306650161743164	0.3025481700897217	12.837955474853516	0.5746569037437439	1.669062852859497	0.4809108078479767
0.07751184701919556	-24.270944595336914	0.2668426036834717	12.762577056884766	0.5572618842124939	1.658992052078247	0.4809108078479767
-0.03753942251205444	-23.965463638305664	0.18749690055847168	12.802249908447266	0.5490221381187439	1.658992052078247	0.4305568039417267
-0.07721227407455444	-24.270944595336914	0.07641291618347168	12.802249908447266	0.5664171576499939	1.638850450515747	0.4305568039417267
