0.030143260955810547
0.06345796585083008
0.0967872142791748
0.13015007972717285
0.16341638565063477
0.19673848152160645
0.23009920120239258
0.2633836269378662
0.29674386978149414
0.3300755023956299
0.3634030818939209
0.3967440128326416
0.4301486015319824
0.46341681480407715
0.49664735794067383
0.529935359954834
0.5634195804595947
0.5967409610748291
0.6302130222320557
0.6634516716003418
0.6967391967773438
0.7301344871520996
0.7634062767028809
0.7966654300689697
0.8300821781158447
0.8634176254272461
0.896752119064331
0.9300920963287354
0.9634213447570801
0.9967484474182129
1.0300533771514893
1.0634078979492188
1.0967433452606201
1.1300783157348633
1.1635067462921143
1.1966333389282227
1.2300670146942139
1.2633419036865234
1.2966527938842773
1.3300633430480957
1.3633835315704346
1.3967432975769043
1.4301512241363525
1.4634039402008057
1.4968860149383545
1.5300824642181396
1.563415765762329
1.596703052520752
1.6300644874572754
1.6634843349456787
1.6968181133270264
1.730088233947754
1.7634267807006836
1.796729326248169
1.8300602436065674
1.8634343147277832
1.8967525959014893
1.9301817417144775
1.9634685516357422
1.9968595504760742
2.0300984382629395
2.0634090900421143
2.0967531204223633
2.130074977874756
2.1634063720703125
2.1968235969543457
2.2300822734832764
2.2633743286132812
2.2967889308929443
2.3300652503967285
2.363395929336548
2.3967597484588623
2.4300589561462402
2.4634058475494385
2.4967379570007324
2.5300774574279785
2.5633182525634766
2.59674072265625
2.6300857067108154
2.6634135246276855
2.6966848373413086
2.730203151702881
2.763482093811035
2.7967865467071533
2.830038547515869
2.863408327102661
2.8967392444610596
2.930067300796509
2.9633944034576416
2.9967384338378906
3.030146360397339
3.0634214878082275
3.096731185913086
3.130051612854004
3.163396120071411
3.196742296218872
3.2300949096679688
3.2635576725006104
3.2967660427093506
3.3300793170928955
3.3634016513824463
3.396740198135376
3.4301178455352783
3.463365316390991
3.4967503547668457
3.53007435798645
3.5633835792541504
3.5967512130737305
3.630079507827759
3.6633827686309814
3.696749687194824
3.7300925254821777
3.7635130882263184
3.7967655658721924
3.830105781555176
3.8634157180786133
3.896742343902588
3.930074453353882
3.963411569595337
3.9968395233154297
4.030121803283691
4.063426733016968
4.09675407409668
4.130068302154541
4.163405418395996
4.19674015045166
4.230043888092041
4.2634336948394775
4.29685115814209
4.330104827880859
4.36340069770813
4.396741151809692
4.430128335952759
4.46338963508606
4.496817588806152
4.530070781707764
4.5633323192596436
4.59673810005188
4.630080699920654
4.663419485092163
4.6967809200286865
4.730072498321533
4.7634053230285645
4.796744108200073
4.830177545547485
4.863441228866577
4.896711587905884
4.930081605911255
4.9634010791778564
4.99677038192749
5.0300891399383545
5.063416242599487
5.09666895866394
5.130076885223389
5.163409471511841
5.196734189987183
5.230098724365234
5.2633891105651855
5.2967469692230225
5.330157279968262
5.363455295562744
5.396716356277466
5.4300501346588135
5.463426351547241
5.496768236160278
