0.9464864707645417	0.1292076211956813	-0.15016687773432502	-2.648523954717664	0.053800474238807905	2.7752819361456096	2.3174948913256026
0.9464918197546757	0.1292026659476245	-0.15016409241448622	-2.6485232560847276	0.053797947259963994	2.7752808259601727	2.3174937653847567
0.9464757764097834	0.12920586557432678	-0.15015948931875536	-2.6485265954684865	0.053803289698938495	2.775248726688407	2.3174967693412145
0.9462533621131084	0.12913116854585896	-0.14998542355906952	-2.648452843731641	0.053843076294620054	2.775037669478254	2.3174971356352114
0.9459298284210825	0.12884558950292435	-0.1496545637686029	-2.6482401413413963	0.054003901289713475	2.7746335603426995	2.3174967644402122
0.9454799869906145	0.12838020460745644	-0.1490911560102316	-2.6479230585923035	0.05420985785429341	2.7739376942518725	2.3174835311806428
0.9446796477787498	0.1277081643368372	-0.14814333150778075	-2.647590468351749	0.05450116190229696	2.772852453475846	2.3174936277577105
0.9435082180638674	0.1266884762313199	-0.14683050395975192	-2.64715379707379	0.05490918025323383	2.7713099425741388	2.3174890103307035
0.9420161224287003	0.12528011470172878	-0.1451295253379295	-2.6464628318876366	0.055505953663935514	2.7693220942886025	2.3174921765474865
0.9400940002111925	0.1235254040279875	-0.14291770714314406	-2.6455401480306135	0.05624759077248155	2.766768478646279	2.317500758541447
0.9376709166759538	0.12138706301155079	-0.14019079427883271	-2.6444367080915283	0.057169073522691	2.7635860116674973	2.3174921062583795
0.934751963176824	0.11879995881773248	-0.136891502479516	-2.6430737229370305	0.05826702982559249	2.7597989007982373	2.3174655227309575
0.9313161130966409	0.11567136073129705	-0.13294412597567565	-2.6414008756161276	0.059533086186212926	2.7552804497801966	2.317347909130582
0.927324150479802	0.11200950851264706	-0.12847908905434785	-2.6394710968837907	0.06099336732487252	2.7499733514489817	2.3171654270656497
0.9226478974653122	0.10782368153381922	-0.12329956992263597	-2.637229087581303	0.06268153436419714	2.7439323511894154	2.3169623495916394
0.9172925006232795	0.10307919123976413	-0.11749881185728836	-2.634678136191	0.06458638320286383	2.737099176592468	2.316698894848389
0.9113185482899991	0.09776529918730625	-0.11100280595810509	-2.6319484298321516	0.06668438797615717	2.729276393393647	2.316403939131225
0.9047733201959216	0.0918624249005848	-0.10365655929721049	-2.6288002985435264	0.06902551948161732	2.7207244081940023	2.316034701312419
0.8977810802116664	0.08541411697567994	-0.09575162527573079	-2.625386456454245	0.07153915171078368	2.7114692455740945	2.315605982385499
0.8890920103057126	0.07778979598473104	-0.0866174305858624	-2.6212875454397246	0.07450481323905013	2.700471010332712	2.315063139127648
0.880151351271141	0.0699498234723074	-0.07722524131152717	-2.6172039075305205	0.07763553212774228	2.6889781012346794	2.3144469906493463
0.8707263769753221	0.06144435509737508	-0.0667241997849078	-2.6126771666196444	0.08085715867049549	2.67664624512932	2.3137431664792225
0.8707263769753221	0.06144435509737508	-0.0667241997849078	-2.6126771666196444	0.08085715867049549	2.67664624512932	2.3137431664792225
0.8603531993116031	0.05215958858513403	-0.055686552443736305	-2.607638343986234	0.08436276002159386	2.6632752335106717	2.3129013995929273
0.8491247874117579	0.04230366257893106	-0.04399478520678018	-2.602461997531875	0.08803830034858873	2.648884608273479	2.3119551765404225
0.8372577378100016	0.031805289217742665	-0.03135803693901071	-2.5969333005155484	0.09201134424776328	2.633608746810385	2.3108467820641523
0.8245164093016248	0.020515849865153726	-0.018157092359236456	-2.590913553333106	0.09617680819252956	2.617368757114319	2.3096297923684626
0.8110340093394421	0.008723744354018998	-0.004116385802984105	-2.5846166008224385	0.10054098122893614	2.6000576177560117	2.308260626627605
0.7967418733075691	-0.0039214271085363656	0.010543816549806772	-2.5778466438111285	0.10508705747487729	2.5818275996331743	2.3067443511129317
0.781709662276799	-0.017034038186406322	0.025945332977101256	-2.5709211557700318	0.10978490721080177	2.5625626754292608	2.3050474749829633
0.7658638660943167	-0.030916435191819584	0.04191676503391772	-2.5635293754739106	0.11468634401438692	2.5424837888729326	2.3031461324301503
0.7492391325085122	-0.04533304550297893	0.05848887468026637	-2.5557518186026686	0.11978650700878449	2.521431090753591	2.301045463483877
0.7319481532258822	-0.06050838693046643	0.07582023081731373	-2.54769116872658	0.12497643007372916	2.4994743194981073	2.298703145268641
0.7138343900250619	-0.0760856394112014	0.09352905654510392	-2.5393988465265176	0.13030850701731597	2.4766378386633594	2.296082752411666
0.6950089467317121	-0.09228375519856277	0.11173943025102631	-2.5307132023012486	0.13579721470442388	2.452934010601752	2.2932519534578444
0.6755445988406862	-0.10912135474170442	0.13051825161615555	-2.5217041726829414	0.14127976130423625	2.428434169738963	2.290067827752888
0.6554333547763821	-0.12638778651537225	0.14966071961844757	-2.512547329605056	0.1468349900469156	2.403203008233475	2.2867704305531094
0.6346056085402701	-0.14414570515014566	0.16911803650434185	-2.502950005408105	0.15254067302655894	2.3772283010617574	2.2831816038304105
0.6131305730004011	-0.16239405434518747	0.18884068309681745	-2.4931672331473234	0.15828978138087693	2.3505204246388325	2.279217188000831
0.5910906662547433	-0.18103531182654709	0.2088259483627991	-2.4832541442397496	0.16393342206317776	2.323261387845372	2.274869374572849
0.5686203281643162	-0.2000567910484817	0.22908029555890844	-2.472904052540049	0.16961037870975565	2.2953801793976343	2.270126315706663
0.5456010035585811	-0.21945482569859412	0.24948364554856542	-2.462606010954434	0.1751938758818878	2.266923084492705	2.2652238879658166
0.522065542615769	-0.23909814399534415	0.2698066856003856	-2.451941466153388	0.18070564730709826	2.2380701441470374	2.2598592888590865
0.49804710177984196	-0.2590024103391836	0.29008723278744925	-2.4411629592471105	0.186070666609541	2.2087438983263037	2.2540090714871766
0.4736394810231794	-0.279133237188901	0.3102249695291941	-2.4303863219574127	0.19143018264242603	2.1791624215926255	2.247686504999548
0.4489438158896802	-0.299457571549863	0.33021466814646544	-2.4192652567495947	0.19657361230763185	2.149275612468919	2.2412261830561397
0.4239836323193509	-0.31983557663340406	0.3499609798196969	-2.408349146668356	0.2014459879358528	2.119183742946173	2.2340296680427327
0.3986636772703423	-0.3401972248516982	0.36919178077686876	-2.39719472295917	0.20610626245486138	2.0889747104715446	2.2264134087222054
0.3732253558643639	-0.36064289473413463	0.3880336754941796	-2.3861014338366733	0.21051922501841683	2.058736640655938	2.2183780045136503
0.34769896673136697	-0.3809923927377368	0.40634218559846974	-2.37504435952165	0.21465057857981926	2.0285645026700836	2.2095868914911874
0.3220983442827893	-0.4012394811097485	0.4239210249062369	-2.3639190194405693	0.2183671259646144	1.9985265197739839	2.2005844246094854
0.2964108291797882	-0.4212094127532939	0.4407228416881279	-2.353043010029646	0.22168274697353524	1.9687575693164738	2.19064425362252
0.2708976945137377	-0.44095204005200517	0.4567084400620882	-2.3420764839914283	0.22456032477360324	1.939273851067084	2.1804897664493894
0.24545178991663777	-0.4603456499433553	0.4716035615265867	-2.331464611127884	0.22700577208064643	1.910202161850496	2.1693122037706796
0.22020237819539093	-0.47936439705697087	0.48545222256615045	-2.3209544742500983	0.2289226341866156	1.8816812522309572	2.1579201514063717
0.19526243708104962	-0.4978028526827117	0.49804640320865823	-2.3106838153522284	0.23025161791589918	1.8538251921585627	2.1456071468654825
0.17060595958628125	-0.5158314005033753	0.5094472171596339	-2.3007017975448814	0.2310191154755333	1.826625735777879	2.1326186578038264
0.14617595058722757	-0.5333298639404621	0.5195502463727987	-2.290792562724601	0.2313220627708394	1.8000585024531608	2.1192459815958524
0.12215913704533131	-0.550300595866276	0.5286402084631443	-2.2813722061927395	0.2312866810137158	1.7741713247415356	2.1050288023412973
0.09842628882200348	-0.5667557759706253	0.5365815841776574	-2.2720323885067883	0.23063012577672443	1.748981866321204	2.090120026688349
0.07488720722709152	-0.5827648027685489	0.5432397939967517	-2.262913839331911	0.22943666782304786	1.7244906991862092	2.0749675226439037
0.051726884454445426	-0.5981464611050543	0.5489526640681931	-2.2542103852220743	0.22773002123023744	1.7006593006140074	2.059192951528937
0.02888064670326556	-0.6130796696476319	0.5535812801005838	-2.2456559354202335	0.22557020556226767	1.6775833084609537	2.042815260683796
0.006253562538095166	-0.6274486995031279	0.5570496784094167	-2.237310725883843	0.22301023254665583	1.6552628006467864	2.025841521531237
-0.016059466126918224	-0.6413424110940814	0.5594861814309103	-2.229319046971427	0.2199846223312882	1.6336123647777838	2.0083308000175117
-0.03800997654564554	-0.6546433919298024	0.5610795918754207	-2.2216562922548566	0.2165578153517414	1.6126657571268468	1.9904908724397499
-0.059495316229851	-0.6674456901036683	0.5617752896804137	-2.214049988072152	0.2127374020846845	1.5924904543707714	1.9721090865175943
-0.0807608179656129	-0.6797484976329754	0.5615463796028108	-2.206894832480052	0.20852482724350513	1.5730218993698752	1.9534353960871587
-0.10169630607517421	-0.6914456222999827	0.5603565302340742	-2.199894268974571	0.20400920489990176	1.554408270376084	1.934278515625817
-0.12243002281263271	-0.7026151507270825	0.5582277459925041	-2.1933397286087595	0.19912125113380535	1.5364467926316134	1.9148098612012452
-0.14261808094346992	-0.7133124181945462	0.5552105105128778	-2.186835299353641	0.1939769398547758	1.5193050182695305	1.8948238883210953
-0.14261808094346992	-0.7133124181945462	0.5552105105128778	-2.186835299353641	0.1939769398547758	1.5193050182695305	1.8948238883210953
-0.16248640192198985	-0.7233717981433976	0.5513945262200557	-2.180759891351637	0.18852287825657307	1.5028973692054235	1.874569471142139
-0.18489660433051655	-0.7342059097111258	0.5461038451093765	-2.174171255678304	0.18197588162511438	1.4851096839385036	1.8509094338705208
-0.20406557171284176	-0.7431285926863425	0.5405594697175089	-2.1686867474532328	0.17594304718875028	1.4704179551754453	1.8299915282640156
-0.22303098552735282	-0.751423615266669	0.5341565326041077	-2.163487506959376	0.1696455004135054	1.456611590498678	1.8087942945665088
-0.24134963473371732	-0.7592528500133507	0.5271325131905046	-2.158568441675803	0.1632126681127792	1.4435351683975217	1.7873786450928104
-0.2593335677168378	-0.766470119280331	0.5195345278791272	-2.1539730566929083	0.1565719532994384	1.4312736761242681	1.7656437009861945
-0.2772489890063366	-0.773052543521879	0.5111886741734581	-2.149770073192418	0.14963420490896315	1.4198948108137759	1.7436671415575193
-0.29450898767285233	-0.7791366682816455	0.5020859493920387	-2.1458206489323044	0.14264541577141043	1.4092969643533872	1.7214598039634537
-0.31140775962731454	-0.7846067739945717	0.4924056246540199	-2.1420782773218177	0.1355050660870751	1.3996125193761035	1.698941790603891
-0.32811204820102324	-0.7895747392401158	0.4822898735898896	-2.1386640471776164	0.12812015173711563	1.3906991926904044	1.6763972215415233
-0.3441755629721092	-0.7939084420232173	0.4715129297609911	-2.135685104455679	0.12075282783194281	1.3826825532730227	1.653673695990851
-0.3600173723847362	-0.7976079466825835	0.460161848840601	-2.132999576954269	0.1132503121014184	1.3754999438260933	1.630951815208123
-0.375556895866737	-0.8008100932436747	0.44823659577079916	-2.130564377084189	0.10562141314711007	1.369238166842494	1.608088502039979
-0.390387352788304	-0.8032894435837497	0.4360267902249453	-2.1285070288824706	0.0981022332816998	1.3638265599296209	1.5850577056069948
-0.4052136218453892	-0.8053635098718649	0.42317100546965325	-2.1267253349901494	0.09036954566108814	1.3593525970531586	1.5619179337046452
-0.4192218933307082	-0.8067821744489411	0.4100409225471766	-2.125312398314833	0.08273529673253407	1.3557162752960568	1.5386374316433877
-0.433224646029092	-0.8075367030301692	0.39634785528052957	-2.124231535338881	0.07498486082037199	1.3530414565458047	1.5155706360673882
-0.44645885762207477	-0.8077570635697593	0.3824206188363601	-2.1235441454246744	0.0672660819265855	1.3512490977968195	1.4924887094657007
-0.45959517411148687	-0.8073579492747229	0.36793500236402327	-2.1231314389164395	0.059633989064675964	1.3503878236175486	1.4693122037322266
-0.4719914726576186	-0.806427692520504	0.35338687202571467	-2.1229823351777166	0.05200682145111443	1.3502865830645685	1.44618491439411
-0.484302244952653	-0.8048780674868793	0.3382604557421774	-2.1231746542463363	0.04448157441069732	1.3512097971540662	1.4229299835224969
-0.49578817702929506	-0.8025970381954588	0.3231431176774116	-2.1236833126773993	0.03701326518000428	1.3530956236469707	1.3999561570140209
-0.5072548422879972	-0.7996913161778394	0.30752575398420495	-2.124616408606492	0.029558584718257952	1.3559716582160273	1.3770774832834562
-0.5179809038783509	-0.796103553646413	0.29183735198870264	-2.1259714871065682	0.02237277518275264	1.359821747182129	1.3543766216728657
-0.5284898356718045	-0.7921036561053343	0.2758417919773647	-2.1275792431921223	0.015219460588617213	1.3646284475474262	1.3317523492146697
-0.5384092363719366	-0.7872400468836931	0.25973289629287166	-2.129626779185469	0.008255102617137767	1.3704747623727105	1.3091159439918014
-0.5478623904108993	-0.7819106066540853	0.2435852737445685	-2.1320648817521013	0.0015138965491494096	1.377243398846594	1.2867536055953188
-0.5569818522270505	-0.7759154596466568	0.22713011187548562	-2.1348053557078495	-0.005156157424305367	1.3850558584677533	1.2644690739528592
-0.5660397651153019	-0.7687828070101549	0.2096685856090779	-2.1381599541537177	-0.011901131733237726	1.3944018477503453	1.2412927727645358
-0.5741709869961952	-0.7613862964936579	0.19324176303702445	-2.1417584849478826	-0.01801176454016551	1.404267234388831	1.2196821498267099
-0.5818590080807721	-0.7534392015214929	0.1765967493859124	-2.1457380645337407	-0.023954053925663254	1.415115112949636	1.1982588678528496
-0.5890546917971021	-0.7448452588747776	0.15999697219287562	-2.1500025071880455	-0.02962203880439504	1.4270082007129392	1.1771200288838457
-0.595703904851454	-0.7354906262413207	0.14350195271922844	-2.154681686907699	-0.034937572471420035	1.4399526904498865	1.1561925303833294
-0.6019981306388664	-0.7255386107483954	0.1270044463917904	-2.15985486012266	-0.04000548775874806	1.4538963522824209	1.1356633173995287
-0.607783699734439	-0.7150059757503147	0.11046434093781098	-2.165223152732303	-0.04481562966436619	1.4689434050057364	1.1153769520614598
-0.6129794881542268	-0.7036815763629077	0.0941002437850991	-2.171138504795521	-0.04923992244860826	1.4850136556038909	1.0955333082947376
-0.6178423627102504	-0.6918030201936239	0.07785707639524148	-2.1774079512446427	-0.05326863915857452	1.5021369129649313	1.075947079979066
-0.6220733242671258	-0.6791357891403749	0.06185607896515134	-2.184036876569636	-0.056999202712015	1.5204025758829809	1.0568501095546685
-0.6259141969426234	-0.6659138644258441	0.04589481375402481	-2.191115653997951	-0.06029063769635323	1.539684373909122	1.0381469320151597
-0.6293176486379013	-0.6519577324775009	0.030105005124367708	-2.1986005925347256	-0.06327469704668848	1.5600675717987278	1.0198865965538326
-0.6320359638791623	-0.637418338847092	0.014607462103242881	-2.2064358724074626	-0.0657171106876067	1.5815321166199159	1.0019841576764905
-0.6343415831532659	-0.6220605740643956	-0.0006542865293291892	-2.2148111635379806	-0.06781801493251481	1.604117961509887	0.9846044891280223
-0.6343415831532659	-0.6220605740643956	-0.0006542865293291892	-2.2148111635379806	-0.06781801493251481	1.604117961509887	0.9846044891280223
-0.6361075739716906	-0.6061209549354603	-0.015549603514736549	-2.2234108958884873	-0.06940693684744878	1.6278563113618776	0.9676375611090012
-0.6373964452688643	-0.5894855152700997	-0.030273003610396323	-2.2325770969838485	-0.07051868025125681	1.6525991034598513	0.9511780396345578
-0.6382009176499329	-0.5720748018072571	-0.04459621224229708	-2.242100357842698	-0.0711384239459064	1.678590682063021	0.9355150552450302
-0.638457843716644	-0.5541169052415782	-0.058568982431876415	-2.252034516866912	-0.07132321647660848	1.7056661930906818	0.9202591497516194
-0.6382438986707453	-0.535337471413637	-0.07214494802167915	-2.262441361902947	-0.0712421683745379	1.7338732118143958	0.9056203133541118
-0.6375226808338883	-0.5158847963401627	-0.08538548948622925	-2.273192812479336	-0.07040388640722658	1.763295193157008	0.8913180475772385
-0.6362035551426223	-0.49576062934106296	-0.09813297732001454	-2.284501654891069	-0.06896980387318224	1.7937788886434276	0.8778572351086112
-0.6342899290151198	-0.4749679308904678	-0.11044035671400379	-2.296134486492232	-0.0669062501433799	1.825513035460623	0.865143066548956
-0.6318367519622612	-0.4534158553819833	-0.12217974832130815	-2.308227827911943	-0.0642577465414183	1.8584164650450887	0.8526903200149003
-0.6289819361563638	-0.4318400208961002	-0.13326264482593836	-2.3204862580338794	-0.06107491211836871	1.8913948260371347	0.8416013004608551
-0.625399526147048	-0.408195398797148	-0.1443009179262643	-2.3337866784042243	-0.05703188571913711	1.927699351400086	0.8304019972383722
-0.6213384372557559	-0.3846121782803241	-0.1545264949944635	-2.3472765258024983	-0.05252354400139597	1.9639383700256685	0.8202161199361031
-0.6168509350227362	-0.3605848030687304	-0.16414529284077894	-2.360832639169568	-0.04750177835290154	2.001043703593864	0.8107133346507818
-0.6119741308064108	-0.3362051470882214	-0.1733009546376633	-2.3748522972358983	-0.042011180491349796	2.0386165079832645	0.8017560802612318
-0.6068381228601081	-0.3116817005284782	-0.18214977084709905	-2.3887629606656606	-0.03614303453877298	2.076672380541996	0.7934227761857697
-0.6014577276926061	-0.28704791280464503	-0.19032947668800324	-2.4029337046853834	-0.030027395531174866	2.114796827610624	0.785816227771588
-0.5956946830500867	-0.2625488300889704	-0.1979736763203433	-2.416962379024067	-0.023576477990150037	2.1529322809063434	0.7784615891619127
-0.5898880198135901	-0.2381196840294962	-0.20525549980032112	-2.4309795373382452	-0.016910852745879362	2.1908263135117556	0.7718580951941413
-0.5839404651817701	-0.21399545797309402	-0.21209157129213996	-2.4448262507627345	-0.010250479785099496	2.2283565688456886	0.7656635750173334
-0.5779503331479184	-0.1902471199277504	-0.2185084191750308	-2.4584867857724184	-0.0033919513148336364	2.265341411579692	0.7598874804101947
-0.5719959399011479	-0.16695609436147235	-0.22462098904474914	-2.4719216213089465	0.0034932063287684803	2.3016268257983623	0.7546284545916396
-0.5659640364890258	-0.14420692880141409	-0.2302081249799373	-2.485038339317402	0.010270537695929014	2.3370813543510343	0.7498728038589996
-0.559913500800413	-0.12209283153983205	-0.2353422770917368	-2.4978136013305443	0.017104584383257855	2.3715913488427858	0.7453948957778701
-0.5540000214440154	-0.10068007026200948	-0.24018522737583134	-2.510176296795559	0.02379204470429343	2.4050600020431845	0.7413335924390998
-0.5483950118689442	-0.08009203444535452	-0.24481907443829148	-2.522088855631916	0.030322330224404833	2.4372949092656593	0.7375553020518515
-0.542762130562041	-0.060245722242740496	-0.2489903264722708	-2.5336086024482154	0.036748911871730294	2.4683008393057135	0.7342452624585263
-0.5372668807521862	-0.041294702218587644	-0.2527411936276435	-2.544500490675322	0.042914532600078326	2.4979663624746182	0.731219639164083
-0.5320178578156988	-0.02322812969702886	-0.256242725292625	-2.555057585490634	0.04885414215452755	2.5261433632222396	0.7284778986351027
-0.5270658320414617	-0.00620996328040425	-0.2595530546128569	-2.564775435898654	0.05459005622854344	2.552921535219253	0.7259768588153291
-0.5223301776948472	0.00987027973820565	-0.2625402872106406	-2.5741938037556373	0.06009234463743481	2.578084622190649	0.7237156521639998
-0.5177777098328492	0.0249747527167305	-0.2651489948119392	-2.582942577760081	0.06518060549529672	2.6017078040786155	0.7217117345100739
-0.5134610646001725	0.03902350704896313	-0.26745701630020935	-2.59102555841871	0.06998554660119648	2.623722914024288	0.719957774396121
-0.5095441773397474	0.05194067206159464	-0.26967569621677406	-2.5985977813087504	0.07450155672376992	2.6440982471906525	0.7184239752207443
-0.5059026673806656	0.06397646084954164	-0.2716586866922281	-2.605589761141708	0.07878553326817603	2.6628239206744353	0.7170915543444275
-0.502547198421571	0.07477297789511778	-0.27342797304264493	-2.611831709079729	0.08258366275237333	2.6799542173408453	0.7159359041424805
-0.4994657178691806	0.0846557940904206	-0.274875652343818	-2.6175729497657567	0.08606876226645081	2.6954311402605153	0.7149451726114414
-0.49668660156744937	0.09351679410000083	-0.27616813958690645	-2.62274636841318	0.08922872737697538	2.709277437798943	0.7140867985471797
-0.4941955343905677	0.10133774074722215	-0.27729417192809536	-2.6272410001636253	0.09207466236678459	2.721603325346738	0.7133737247613617
-0.49202225786719883	0.10830139363642102	-0.27826360809115	-2.6313211811461366	0.09453426859929463	2.7323996685765746	0.7127914872811617
-0.49010260892877694	0.11413012696334487	-0.27907435757980265	-2.6347141253266675	0.09675588435851094	2.7417406755404783	0.712282808451162
-0.48848038332874116	0.11919918646960785	-0.27974323834599546	-2.6375828320149712	0.09860730412693411	2.749717387695948	0.7118623926320498
-0.48715493710836855	0.12343024759642798	-0.2803076053625764	-2.6401209363771523	0.10014926370718882	2.756330918242513	0.7115274972689294
-0.4860401788215406	0.12684979666736865	-0.2807730843192659	-2.6421559930807015	0.10142090359533205	2.761698664970877	0.7112717307277523
-0.48511678036610967	0.1295591317557504	-0.2811266483819009	-2.6437170673355475	0.10241456011774829	2.7659967580933253	0.7111067643433562
-0.4844454184805832	0.13164349908385417	-0.2814211661465436	-2.6449145906525127	0.10317944108540494	2.769212411558304	0.7109659807428341
-0.4840214647308192	0.13313669164464936	-0.28164726256813005	-2.645781701931178	0.10374400245209611	2.7715577231073736	0.7109015122119179
-0.48366338080994076	0.13411384724570657	-0.2817330840294633	-2.6463463579493722	0.10413186432314406	2.7731293654146607	0.7108277716569925
-0.4833583550148923	0.13469233656602214	-0.28172975836303027	-2.6467042423693057	0.10436095870859065	2.7740711510863685	0.7108004399768042
-0.48329296543644296	0.13503013034510855	-0.2817355610443867	-2.646963294662602	0.10445823282973815	2.774542447579804	0.7107886252103863
-0.48330210199690427	0.13522222584086777	-0.28179699370844025	-2.6469850938135004	0.10450337250336633	2.7747059233000257	0.7107812641468674
-0.48330210199690427	0.13522222584086777	-0.28179699370844025	-2.6469850938135004	0.10450337250336633	2.7747059233000257	0.7107812641468674
