0.013987064361572266
0.04730081558227539
0.08059096336364746
0.11392331123352051
0.14723563194274902
0.180572509765625
0.2139265537261963
0.2472364902496338
0.28057241439819336
0.31390953063964844
0.3473505973815918
0.3806123733520508
0.4139988422393799
0.4472494125366211
0.4805631637573242
0.5139124393463135
0.5473361015319824
0.580575704574585
0.6139450073242188
0.6472573280334473
0.6805710792541504
0.7139127254486084
0.7472591400146484
0.7805838584899902
0.8139238357543945
0.8473119735717773
0.8806757926940918
0.9138295650482178
0.9472131729125977
0.9805982112884521
1.0139360427856445
1.0472402572631836
1.0805766582489014
1.1139557361602783
1.1472625732421875
1.1806094646453857
1.2139418125152588
1.247241735458374
1.2805933952331543
1.3139195442199707
1.3472297191619873
1.3807263374328613
1.4139890670776367
1.4472579956054688
1.4805831909179688
1.5139155387878418
1.5472307205200195
1.5805470943450928
1.6139495372772217
1.6472468376159668
1.6804862022399902
1.713913917541504
1.7472479343414307
1.7805838584899902
1.8139171600341797
1.8473522663116455
1.8806357383728027
1.9140112400054932
1.9472291469573975
1.98061203956604
2.013906478881836
2.047241449356079
2.080582618713379
2.113957166671753
2.147141218185425
2.18058443069458
2.2140119075775146
2.247235059738159
2.280569314956665
2.3138749599456787
2.3472390174865723
2.3805582523345947
2.4139182567596436
2.447418689727783
2.4806363582611084
2.513904571533203
2.5472638607025146
2.5803959369659424
2.61393404006958
2.647242784500122
2.6803853511810303
2.713900566101074
2.747244358062744
2.7805845737457275
2.813877820968628
2.8472280502319336
2.880568265914917
2.913893699645996
2.9473443031311035
2.980637788772583
3.013927698135376
3.0472190380096436
3.0805907249450684
3.113922357559204
3.1472480297088623
3.1806139945983887
3.213758945465088
3.2472598552703857
3.2804524898529053
3.3139522075653076
3.347231864929199
3.380575656890869
3.4139187335968018
3.44722318649292
3.4806690216064453
3.5139529705047607
3.547241449356079
3.58056640625
3.6139090061187744
3.647235631942749
3.6806156635284424
3.7139086723327637
3.7472422122955322
3.7805659770965576
3.8139383792877197
3.8472542762756348
3.8805081844329834
3.91389799118042
3.9472312927246094
3.980591058731079
4.014037609100342
4.047272682189941
4.080473184585571
4.113947868347168
4.14726448059082
4.18044376373291
4.213917255401611
4.247262001037598
4.280583143234253
4.3138604164123535
4.347083330154419
4.3805694580078125
4.4138829708099365
4.4472479820251465
4.480463027954102
4.513977527618408
4.547319173812866
4.5804221630096436
4.613990068435669
4.6472487449646
4.680570125579834
4.71390962600708
4.747239112854004
4.780622959136963
4.813907146453857
4.847261667251587
4.880570411682129
4.91390323638916
4.947148561477661
4.9805827140808105
5.013909816741943
5.047341346740723
5.080443859100342
5.113923072814941
5.147266864776611
5.180602073669434
5.213914632797241
5.247239589691162
5.28052830696106
5.313889980316162
5.3472442626953125
5.3805742263793945
5.413891553878784
5.447155475616455
5.480442047119141
5.513912677764893
