0.2799910099757345	0.15138632850288775	0.49729391580597637	-2.5576656009618968	2.008270480727423	2.4866913700832263	0.4543626498028416
0.2799910099757345	0.1513862497698881	0.49729951624419444	-2.5576665136565655	2.0082735419221867	2.486689249865313	0.45435424183168616
0.2799887883189244	0.15137921719163713	0.49729590338411184	-2.5576683304301158	2.0082767241318757	2.486689132127497	0.4543561620650173
0.2799951774487163	0.1512865236973236	0.4972936939998229	-2.557678727572677	2.00827770932743	2.4866902511053617	0.4543948752847862
0.280032464071713	0.15098005180076848	0.49729351609585115	-2.557676657299488	2.0080099002629965	2.4866924890610935	0.4550124782854755
0.28019422345429296	0.15052726126441254	0.4972896059302228	-2.557682942039693	2.007270896189299	2.486689309662186	0.4561086777385429
0.2804395411289701	0.1498518281277395	0.49726443527219766	-2.5576947169111834	2.0061283081589716	2.486694547349555	0.45780403800926944
0.2807493454554406	0.14876425118965447	0.49720233244832496	-2.557719291150191	2.0045113887652786	2.486689463297869	0.46017978400029247
0.28111434877513536	0.1471150699176769	0.4970065720246602	-2.557738046747138	2.0020988820284367	2.486676255310984	0.4637334155081019
0.281554169622661	0.14520818143559802	0.4968147330903199	-2.5577545241267954	1.9991756938512741	2.4866387167329758	0.46811943748543927
0.2821876293187161	0.14281391264627294	0.49659709541906877	-2.557816758241279	1.9955475881915707	2.48654694602051	0.4734109272153325
0.28296582243064555	0.13988825718781903	0.49635171991425536	-2.5578516087778493	1.9911266890096104	2.4864043343454787	0.47970218954973104
0.2838215016135753	0.13636583045390818	0.4960295583351695	-2.557875560495762	1.9859276195933477	2.4862191595615046	0.4873200939511589
0.28482981874462576	0.13232914034069512	0.4956762953891974	-2.5578946312404764	1.9797973717617627	2.4859802751889495	0.4961357134584848
0.28482981874462576	0.13232914034069512	0.4956762953891974	-2.5578946312404764	1.9797973717617627	2.4859802751889495	0.4961357134584848
0.2860320822722979	0.1277296577977418	0.49523679825765554	-2.557933992890552	1.9727028679265293	2.485695556507822	0.506240921485669
0.28744027748440243	0.12244246848207578	0.4946960278348269	-2.557983146524147	1.9647792299932378	2.4853408113648805	0.5176716119547838
0.2889419290452615	0.11646013011206363	0.49404917365491774	-2.5579893505258644	1.9556906659154503	2.4849070421452826	0.5305979484366349
0.2906122743108797	0.10978254423152485	0.49324766805922293	-2.558001836757999	1.9456797307710278	2.484377842188585	0.5447648576949633
0.2924975408828101	0.10248396886585175	0.4923615224200035	-2.558000308849902	1.934482858838018	2.483756509388729	0.5605252322227674
0.29454251584044144	0.09449408155909486	0.4913488472489442	-2.558014597486693	1.9223605465045923	2.4830071325846643	0.5778554880137707
0.2967772279631293	0.08562160496380747	0.4902118998198626	-2.5579977050832374	1.9089669511702645	2.482142820453623	0.5966775138828369
0.2991347569262989	0.07605498320749815	0.4889118394137197	-2.557857066052186	1.8944436754030651	2.481161654825184	0.6169678325212402
0.30170034999663436	0.06593395827741486	0.487473555837438	-2.557747236585172	1.878854927213506	2.4799917807158365	0.6387521881453633
0.3044578510007718	0.05481722564020058	0.485876646954542	-2.5576190329913864	1.8621215783514533	2.478697533353618	0.6620467969639531
0.3073436953248129	0.04303046673956563	0.48409664092290816	-2.5573116080716534	1.8441256106249535	2.4771941641711135	0.6869413034295517
0.3104605309729489	0.03052767685037121	0.4821799832253951	-2.5570544068424295	1.8249816831746546	2.4755108339123906	0.713395887525877
0.31371227626542836	0.01720491942844812	0.48002518455583176	-2.5567365163620193	1.8046793829780232	2.473636068439563	0.7410790269924564
0.3170525547054251	0.0032401531381570136	0.47763103621497893	-2.556382910482338	1.7831492204953863	2.471556498262155	0.7704142144588856
0.3206477280021851	-0.011470077207441786	0.475053044076898	-2.555986926784698	1.760453511957061	2.469206874540827	0.800960485073195
0.3243398357307258	-0.02697068253359149	0.47225878387799536	-2.5554206147459797	1.7365938342517022	2.4666427433898805	0.8330759128457063
0.32817618321370784	-0.04306877346068169	0.4692075019509082	-2.5547904182351036	1.7116850690478191	2.463808133386017	0.8663612041541452
0.33213098642649713	-0.05995999584352128	0.4659109098844405	-2.554058286041038	1.6857156081445903	2.4606744481023926	0.9008305822738025
0.3360887220385895	-0.07689438547167238	0.46239688908606724	-2.553257013976514	1.6594035239481857	2.457301396201467	0.9354870052670484
0.3403516023256864	-0.0955037130282139	0.4583787281094189	-2.5522030361291734	1.6304906889505373	2.453401183890348	0.9733601071856153
0.3446136519927433	-0.1142268070298917	0.45422758426494403	-2.551130731929639	1.6013932146392837	2.4492835737897924	1.0111723862941309
0.3489894756462988	-0.13350667013842266	0.44978419552853777	-2.54986624703001	1.5712947673261408	2.4448124771483273	1.0498571225846058
0.353452635932456	-0.15328732931960432	0.4450360630230361	-2.5484926778203922	1.540260736928617	2.4398932635582433	1.0893769673107478
0.3579215590778833	-0.17358279825039205	0.4399382958319856	-2.5468784284270667	1.5084435681935153	2.4345796651769818	1.129601553964673
0.3624320212023141	-0.19440887039479657	0.4343992330733003	-2.545156698606355	1.475736219084734	2.4288783546560557	1.1704590510755062
0.366907841938879	-0.21553306860106194	0.4284773026072763	-2.5432899677669116	1.4423214084737146	2.422736798468638	1.2117162577416656
0.3714319117736359	-0.23706351660610775	0.42220156076445686	-2.541252559792873	1.4082366054676334	2.4160200433149814	1.2533975602939487
0.37603985262109435	-0.258912940667766	0.4156650244440215	-2.5390177225164807	1.373431724173508	2.408859466888709	1.2952680047985534
0.38059380504178447	-0.2810254369306361	0.40865962516078075	-2.536482172449933	1.3381212129843256	2.4011838526401617	1.3373044155451679
0.3849233254056106	-0.3033684807392901	0.40108893338544926	-2.533688820835576	1.3023199603426043	2.392867187579033	1.3792031195237602
0.38921746339199187	-0.3258569904466972	0.39303409945837786	-2.530690109076834	1.2661731683415942	2.3841263903134107	1.4209067798268662
0.39356108578732196	-0.34844638073774914	0.38473887264310075	-2.527481387818298	1.2296776162398313	2.3746270618160583	1.4621799372312172
0.39775943180954487	-0.3710192226921148	0.375906095975882	-2.5239772322650484	1.1929520186879032	2.3646203593223256	1.5029402100563602
0.4016991176228411	-0.3935546563300539	0.3664112537028697	-2.5202063155898795	1.156093924716895	2.353809034908561	1.5429356136061054
0.40557226542082014	-0.41600058711011034	0.35656568693680596	-2.5161235653171343	1.1191358908700895	2.3424753060690517	1.5820684393852529
0.4089770996432805	-0.4369285409724218	0.3467877986480569	-2.512027501303822	1.0844509943474812	2.3309848023627833	1.6178433104913943
0.4125759380294699	-0.4602295356028085	0.33508630825314756	-2.507013355034448	1.0455886342866032	2.3173935647279826	1.6567636453465275
0.4157981001421898	-0.48192321731905613	0.3235911991128196	-2.501902016112345	1.0091648294349378	2.3037617623528743	1.6918983477588847
0.41870290465748	-0.5031271162084272	0.3113646042480577	-2.496525727049848	0.973157727114298	2.289245586679652	1.7253023942179375
0.4212691270413691	-0.5238121158590242	0.2986561594289411	-2.4907429971466812	0.9376271386359092	2.2739265646740825	1.756908736200849
0.4235394570906913	-0.5438935184197348	0.28520482237643224	-2.484620847639058	0.9026377274435404	2.2577824782604026	1.786203963366907
0.4254646560505194	-0.5634724854906631	0.27123160083131154	-2.478013773986589	0.8683204937375231	2.240809288967278	1.8134999166587649
0.42707045126967225	-0.5823753555199389	0.2566322385854239	-2.471044668795986	0.8347002850477825	2.223011901112633	1.8383650903896769
0.4282742243787608	-0.6005916294451908	0.2414924634701754	-2.4639057308528094	0.801780203805805	2.204441004908823	1.8612703619614874
0.429153121013372	-0.6182265416971268	0.22578769345754096	-2.4563215965844694	0.7694032682857137	2.185151996757516	1.882154722100556
0.4297039681107408	-0.6352799065172647	0.2095476106363345	-2.4483606733599386	0.7377268699531834	2.1652511664313216	1.9009652685481304
0.4300821821745075	-0.6516784156274265	0.19295809022061422	-2.4402750787281695	0.7066804199236415	2.1446716610102046	1.9177588085031758
0.43004146491626444	-0.6674757724525016	0.17576823112403253	-2.431884888980429	0.6762410652965195	2.123648056494179	1.9327825794380051
0.42958055528097827	-0.6825867074365191	0.1582065595789028	-2.423217232562616	0.6465271117975634	2.102048871144123	1.9459445885637343
0.4289778804211916	-0.6971123841194418	0.14033712651441396	-2.414372217506697	0.6173873331978771	2.0798992226334643	1.956922536015799
0.4289778804211916	-0.6971123841194418	0.14033712651441396	-2.414372217506697	0.6173873331978771	2.0798992226334643	1.956922536015799
0.42790802110554604	-0.7110608462818451	0.12197718384290414	-2.405315636430037	0.5889556884707181	2.057410876478756	1.9664988524029687
0.4265533768853302	-0.7242932071240263	0.10329632769620425	-2.3959725866924706	0.5611165250619444	2.034595236841454	1.9739640699257706
0.42489566705942783	-0.7370140528799703	0.08437986569378259	-2.3866488534262933	0.5339218552816214	2.0113719691710146	1.979955976936626
0.4229409159117014	-0.748938658944746	0.06511559754388063	-2.3771228372143027	0.50743428622779	1.98795466338194	1.9841626564292503
0.4205546133866217	-0.7603871657067434	0.04557518484079404	-2.3673677311349994	0.4815312785822793	1.964311886811386	1.9867241219824177
0.4179682151952987	-0.7712076848334558	0.0257888663300998	-2.3576251634858183	0.45626693726169004	1.9404015763804778	1.9876994389078806
0.4150473092122867	-0.7812536349914659	0.005872897930275448	-2.3477960942711844	0.43170051058126685	1.9163197125904263	1.9876199713423244
0.41192511452414976	-0.7908760189702256	-0.014220798945728332	-2.337820111449973	0.4077541646222944	1.8923086342865483	1.9856480730991373
0.40834048867748296	-0.7996900276457702	-0.034551390014359765	-2.3279123231425216	0.3843939166208491	1.8682239834748375	1.9822125253443725
0.4044697493900484	-0.8079162697226678	-0.055014966385404665	-2.3179587407293405	0.3616567749250688	1.8440536869315844	1.9772777546270106
0.40040801079741384	-0.8156158700066048	-0.07546029797469496	-2.3079164626219772	0.33960451238378553	1.8199285354852248	1.9710615587980609
0.39600459329743193	-0.8225584367628106	-0.09604247739139288	-2.2979910035429447	0.31822510161709483	1.7959869008680966	1.9635224827103999
0.39132979926484207	-0.8288723725539701	-0.11667477679537015	-2.2880207916009887	0.29746395766646794	1.7722207735027014	1.9544327782487914
0.3863222495260533	-0.8346322237299801	-0.13732641301666548	-2.2782400019665343	0.27732560293317077	1.7485741778003416	1.944468070286418
0.3810366348766585	-0.8397447786323342	-0.15797326927957822	-2.2683687876586136	0.25780344079524825	1.7251405012818857	1.932897294661542
0.375490716267087	-0.8442157350284066	-0.17850326523307947	-2.2587031593115654	0.2389560286232496	1.7020156914058158	1.9205855088410118
0.36975040340051935	-0.8479325961298095	-0.19901593467302156	-2.249231210314251	0.22069101119376977	1.6792943420234863	1.9070221026851295
0.3636164738558599	-0.8511265202908347	-0.21945252486056915	-2.239743286586489	0.20306033449591576	1.6569399731387902	1.8921558414121111
0.3572036383389009	-0.853746672155476	-0.23978806802234084	-2.2304290175834107	0.18609730904486918	1.6349946927837402	1.8764826262803498
0.3505350106357631	-0.8556239734267195	-0.25997848461068523	-2.221401375094154	0.169766329579583	1.6135513917249242	1.8598488229613785
0.3436869920748749	-0.8568521241348633	-0.27986647754906624	-2.2124470821022553	0.1541537003486106	1.5925956847891043	1.842326975144078
0.33647223947635846	-0.8575645060206389	-0.29967773758840555	-2.2038124244886763	0.1390162727798114	1.5721831625570646	1.8238050264346344
0.3290276907569969	-0.857621208718951	-0.31928023008251577	-2.1953506954353093	0.1245474442739689	1.5524828288832517	1.8044673031543308
0.3212551385790928	-0.8570143632901147	-0.33856884176771973	-2.187131536527913	0.11075005349237953	1.533428530130107	1.7842244487011845
0.313319419576782	-0.8558052012809827	-0.35749780336061426	-2.1792350870160875	0.0975920518119262	1.5149918137507896	1.763292469888054
0.30510364747263863	-0.8538932666226027	-0.37624512652315933	-2.1716222280424553	0.08501234110970651	1.4974646802516234	1.7415542729566902
0.29658638384916025	-0.8512731350570952	-0.3946628752721074	-2.1643316871846796	0.07306682395214958	1.4806116815422279	1.719165907522452
0.2878389378676199	-0.8480974392324778	-0.41257971255179715	-2.1574016777781155	0.06181645854285772	1.4646696911210595	1.6960344275441452
0.27888446343671214	-0.844290177236877	-0.4301492170062704	-2.15077125719224	0.051098326121603053	1.4495851528344061	1.6725322884324914
0.2696623461832279	-0.8397403804972339	-0.44742161590265356	-2.1446150232807515	0.04107719238110396	1.4355411556196667	1.6484671832222686
0.2601490951475561	-0.8345408752509389	-0.4641254494612245	-2.138763681842377	0.031621303597169186	1.4224705503921795	1.6237926684395092
0.2504443918149223	-0.8289077207588038	-0.4803348930248718	-2.1332727469826507	0.022910533663257605	1.410415440775704	1.5985994627016595
0.24042928746020378	-0.8224229344878302	-0.4961594220584881	-2.1283241777161823	0.014662393954132569	1.3995114233177215	1.5730317003258774
0.2302856888377227	-0.8152147474412492	-0.5113489339247532	-2.123894215980213	0.007104691857731805	1.3896708784659968	1.5472110530044192
0.21989867541792446	-0.807533637099271	-0.526034958895395	-2.1199194373767343	0.0002839523914041549	1.3810516213745865	1.5209119155623771
0.20915931371909127	-0.7991929169203909	-0.5400341102424216	-2.116249350027865	-0.00607099611363606	1.3736100622880798	1.4943250925327596
0.19823573547265017	-0.7901837942268534	-0.5536261333915885	-2.113179432258968	-0.011767460077301804	1.367547323843472	1.467596144113918
0.18720487898108587	-0.7804154020080399	-0.5664012461681098	-2.110737187683295	-0.016783678787090632	1.3627480604898037	1.440506602292252
0.17574501568233086	-0.7701385638464875	-0.5786404199488475	-2.1088177766326153	-0.021198797307616934	1.3593452754913946	1.4133934627668263
0.1642802536212308	-0.7591084736997622	-0.5900205004063053	-2.1074300251177687	-0.02505063776821237	1.35736482325317	1.3860708445448309
0.15242632648607335	-0.7474722753328548	-0.6008700286841101	-2.106724393340713	-0.028241045779528597	1.3567786342314612	1.3586654102376514
0.14041316754796931	-0.735228291411534	-0.6108596636580682	-2.1064327621781116	-0.030810564640766855	1.3576051181991238	1.3314107614395552
0.12824409835612305	-0.7222420669873884	-0.620019755713721	-2.1068169954695053	-0.03272040637017565	1.3601338992142606	1.3038624906076293
0.11572940975518102	-0.7087022251516777	-0.6285872709546981	-2.1078440004227565	-0.034086880754906755	1.364256094814259	1.2766260924414947
0.10316862165553797	-0.6944325618211606	-0.636087037430192	-2.1096509732051825	-0.03479852429564129	1.3701080146222384	1.2494207169250005
0.09022441938201345	-0.6794976213686585	-0.6428721796925118	-2.112054133943184	-0.035014047309759905	1.3776401719547158	1.2221741646864777
0.07719792987911278	-0.6639766020326275	-0.6488032657198034	-2.1152329629778515	-0.03481970420755354	1.3869361519039236	1.1953958658991
0.06389688932079304	-0.6478011617225257	-0.6538052059073572	-2.119281782256984	-0.03376700902759793	1.3980288528311644	1.1686895571802445
0.05051941041055306	-0.6308924468091274	-0.6576822766790336	-2.123938235661699	-0.03209662044349789	1.4109810252347366	1.1421792783717855
0.03686116975182475	-0.6133675913291171	-0.6607655809783364	-2.129419336082907	-0.02983566742309176	1.4257930128175587	1.1162498997489807
0.03686116975182475	-0.6133675913291171	-0.6607655809783364	-2.129419336082907	-0.02983566742309176	1.4257930128175587	1.1162498997489807
0.02300147476789008	-0.5951135931124172	-0.6628866818222603	-2.135761934967802	-0.026905508722624295	1.4426276771366264	1.0903929272559483
0.008868857580059201	-0.5763591524536975	-0.6640126573937047	-2.142763471554035	-0.02336533521592108	1.4613892131618795	1.0649335606264223
-0.005317558359849607	-0.556852998357447	-0.6640423877691781	-2.150757582058423	-0.019099887608757887	1.482203190984125	1.040146188201138
-0.019697564355809227	-0.5366659128477804	-0.6631054242751234	-2.159550961007512	-0.014320341788808429	1.5050551416132667	1.0157699908042273
-0.034385481454414134	-0.5157666666340712	-0.6610782744395095	-2.169157447894517	-0.008965748104325868	1.5300797339643168	0.9917169413291548
-0.04912797193026275	-0.4943789601222905	-0.6577316854583354	-2.1797413792973996	-0.0029230960686156457	1.5572478261040612	0.9683468064763777
-0.06413756135702318	-0.47220028133307523	-0.6533312152694144	-2.1911732819310625	0.0037017577841247803	1.586699128176188	0.9456826481413788
-0.07918113673681308	-0.4494089386448751	-0.6475695427812699	-2.2035642339047796	0.010927807024808028	1.6183874889190888	0.9236959544919398
-0.09460843421181112	-0.4259176465511411	-0.6408946682932056	-2.216992833295532	0.018795327012520513	1.6523392326718682	0.9023924114201903
-0.10867899944849278	-0.4039661910138604	-0.6336125076767366	-2.2298648306395017	0.02645061444526001	1.6853565631448542	0.8835394274641762
-0.12553486731597213	-0.3772962319019995	-0.6237471765683896	-2.2462308937214055	0.03610210928709187	1.7267330460913717	0.8619201946234499
-0.1411028849205987	-0.352392559627503	-0.6137841354574967	-2.2618568474000837	0.04542087977121826	1.7664108407851247	0.84268172949848
-0.15663940905905732	-0.3273189679969039	-0.6031158346106518	-2.2781231235762713	0.05507914256542176	1.8072963076262967	0.8243169261633353
-0.1720683392320362	-0.3021561388059187	-0.5917896449561447	-2.294744180492709	0.06496002033038284	1.849118829205921	0.8066193902199877
-0.18726786579630372	-0.27711977439241514	-0.5798547453114136	-2.3115400472555083	0.07505452489882189	1.8916156674628972	0.7896248362214623
-0.20225055430412536	-0.2521852563346723	-0.5675967791390003	-2.3285774141128144	0.0852557996669919	1.934550657220164	0.7733510348124374
-0.21700558154708682	-0.22746637346176798	-0.5549922387328955	-2.3458131729686724	0.09545702846355879	1.9774736004402607	0.7579724575134458
-0.23138999323433102	-0.20322440629775337	-0.5421889762680845	-2.3627634967830313	0.1057423395560797	2.020428231581949	0.7434039078678243
-0.24552971185269473	-0.17939563813581427	-0.5293745455279266	-2.3797567001354984	0.11591979948674301	2.0629195615059723	0.7294356647919501
-0.2590841803538369	-0.1561542259926803	-0.5163786809881191	-2.396532958151297	0.12595561086879642	2.104875592101086	0.715972383167146
-0.27194681948630967	-0.13418144332026544	-0.5039274459542422	-2.412397831216132	0.1355887974500311	2.1449537558681127	0.7040179060607542
-0.28466841037908264	-0.1122180740934078	-0.49118335591004864	-2.4285470045195354	0.14525331773675654	2.1852174226373178	0.6921402197240268
-0.2970003075071528	-0.09098654554779344	-0.4787980560538033	-2.4441667386403503	0.15469834381574532	2.224415321625016	0.6809589565921155
-0.30869362314086324	-0.0706593993420344	-0.46656720980089716	-2.459272893331001	0.16381705050843343	2.2624212842095206	0.6706551417368448
-0.31985240437819024	-0.05115447401773241	-0.4546788390613992	-2.4740234919539144	0.17263726725575015	2.2988685741296906	0.6607869361578265
-0.3304723987663642	-0.032628544823223214	-0.44325825162144966	-2.487877560914655	0.18111312457059053	2.3340137033312063	0.6517740857533226
-0.3404749265940861	-0.014946249217335948	-0.4322062253940495	-2.501378028276136	0.1891618478641029	2.3672853224248596	0.6432181471041581
-0.349960190594921	0.0015641563610104025	-0.4218171524908265	-2.513928900274745	0.19686597899493247	2.3990256863213704	0.6354562442992668
-0.3587404010884645	0.017188754141541612	-0.41182779324179697	-2.525922966753647	0.20404155214123101	2.4288777001442643	0.6283757484903973
-0.36686116435641125	0.03174601340139483	-0.4023204213685368	-2.5371269555391	0.21081585060942795	2.4569038671666394	0.62164316150897
-0.3745701878558183	0.045162859661127104	-0.393654582070091	-2.5475247194789974	0.21721868150986623	2.4830068240285814	0.6157437334872469
-0.38149610738156753	0.05765206606721972	-0.3854798096279613	-2.5572639789646936	0.22300763996341527	2.5070993058456486	0.6103107840095594
-0.3878539183168305	0.06899677483560548	-0.3779075384861522	-2.566050647866211	0.2283939746777	2.5292853690636647	0.6054005494779772
-0.39360997687501537	0.07928430977981703	-0.37094205852191414	-2.574216418089341	0.23329246539228776	2.5494374159757287	0.6009521375030505
-0.3987936246775497	0.08863570894425828	-0.3648260861745132	-2.581517364204847	0.2377366396784277	2.567680984551267	0.5971518393385769
-0.40339775150407753	0.09678122757796291	-0.35917433447294805	-2.5879661082258765	0.24166067960459567	2.5839901121815236	0.5938025117400754
-0.4074174101343772	0.10409234293386374	-0.35417721574655286	-2.5937769567046574	0.24511659195614002	2.598352438623563	0.5908726335248912
-0.41091878505066914	0.11051074592422398	-0.3498383728677342	-2.5988251698898477	0.24819883528576256	2.610841046061218	0.5883582744876498
-0.4139102081987631	0.11581780529388562	-0.3460594227121006	-2.603120806460999	0.25077592392336717	2.621611349100157	0.5862250905687032
-0.41643076787220734	0.12036745652117177	-0.3428804171235563	-2.606713242985675	0.2530053904162601	2.6306576020562837	0.5844537105843514
-0.4185208802092511	0.12413785049255048	-0.3403292317347209	-2.609705992467979	0.254842126014293	2.638161595684232	0.5830032942175755
-0.42014036389914383	0.12707500553864876	-0.3382626127909562	-2.612131759869817	0.25628433981701376	2.6440873843508728	0.5818496561964696
-0.4214313620118428	0.12940325528368185	-0.33662248390241767	-2.6139874786399733	0.2573893211170719	2.6487585326841256	0.580999892194266
-0.4223527961969291	0.1311432533086923	-0.3353801293552354	-2.6153929198895725	0.25820128236737333	2.6521322502932407	0.5803760779480728
-0.42301539517154946	0.13233692492771804	-0.33457153031589526	-2.6163502430477865	0.258785793493349	2.6545333925696304	0.5799249408397791
-0.42341768794085793	0.13305732744588422	-0.3340100578444159	-2.616962755417006	0.25916651783258765	2.6560310341963342	0.5796305973339756
-0.4237104547957608	0.1334522121752508	-0.33365845328121124	-2.617311327315701	0.25936936518010456	2.6568544619048002	0.5795034481656467
-0.4237509158535346	0.1337145027813202	-0.3335567095434308	-2.617558976485363	0.25943123715910665	2.6572165392739056	0.5794557795415499
-0.42375091585360075	0.13377531261370681	-0.3335414469172499	-2.617557863567626	0.2594486861967903	2.6572372212989683	0.5794401643323992
