0.0037093162536621094
0.03654789924621582
0.06975936889648438
0.10306906700134277
0.13642668724060059
0.16973257064819336
0.20309162139892578
0.23635363578796387
0.26975178718566895
0.303086519241333
0.3363161087036133
0.3697500228881836
0.40308642387390137
0.436384916305542
0.4698147773742676
0.5031003952026367
0.5364413261413574
0.5698189735412598
0.603140115737915
0.6364717483520508
0.6697590351104736
0.7030785083770752
0.7364223003387451
0.7697651386260986
0.8030729293823242
0.8363378047943115
0.8697621822357178
0.9030680656433105
0.9364233016967773
0.9697506427764893
1.0030663013458252
1.0363457202911377
1.069854736328125
1.1030941009521484
1.136399507522583
1.169675350189209
1.2030425071716309
1.2364158630371094
1.2698407173156738
1.3031346797943115
1.3364508152008057
1.3697266578674316
1.4030916690826416
1.4364185333251953
1.4697480201721191
1.5030889511108398
1.5364131927490234
1.5696372985839844
1.6032202243804932
1.636446475982666
1.6697399616241455
1.7030744552612305
1.7364187240600586
1.7697627544403076
1.8030951023101807
1.8364582061767578
1.8697474002838135
1.9030826091766357
1.9364161491394043
1.9697527885437012
2.003066301345825
2.0364174842834473
2.069756507873535
2.1031758785247803
2.1364781856536865
2.1697747707366943
2.203085422515869
2.2364490032196045
2.2697763442993164
2.303072452545166
2.3364272117614746
2.3697402477264404
2.4029228687286377
2.4363901615142822
2.4697582721710205
2.503087043762207
2.5364151000976562
2.5697360038757324
2.6030144691467285
2.636535882949829
2.669771909713745
2.703089475631714
2.736393928527832
2.7697365283966064
2.803077220916748
2.8364009857177734
2.8697032928466797
2.903144121170044
2.936382293701172
2.9697329998016357
3.003065347671509
3.036320209503174
3.0697624683380127
3.1030659675598145
3.1364171504974365
3.1698834896087646
3.203125476837158
3.2364110946655273
3.269775867462158
3.303072690963745
3.3363099098205566
3.3697662353515625
3.4029886722564697
3.4364261627197266
3.4697513580322266
3.5030770301818848
3.5363974571228027
3.569776773452759
3.60309100151062
3.6364195346832275
3.66978120803833
3.7031755447387695
3.7364816665649414
3.7697572708129883
3.803091287612915
3.8364226818084717
3.869671583175659
3.903151273727417
3.936420202255249
3.969770669937134
4.003068685531616
4.036414384841919
4.069746017456055
4.103061676025391
4.136469602584839
4.1697235107421875
4.203164339065552
4.236479997634888
4.269761800765991
4.303171634674072
4.336561679840088
4.3697850704193115
4.403102874755859
4.43647027015686
4.469767808914185
4.503088474273682
4.536426782608032
4.56975531578064
4.603053569793701
4.636415481567383
4.669738292694092
4.7030768394470215
4.736447095870972
4.7697672843933105
4.803081035614014
4.836282968521118
4.869750261306763
4.90307879447937
4.93641471862793
4.969684839248657
5.003084897994995
5.036462306976318
5.069739103317261
5.103006601333618
5.136389970779419
5.169751167297363
5.203085422515869
5.236419916152954
5.269816160202026
5.303094387054443
5.336320638656616
5.3698625564575195
5.403081655502319
5.436446666717529
5.469788551330566
5.503110408782959
