-0.0008243248482162187	-0.00035259278993839577	0.002148985056691531	0.0028006000287359176	-5.24835584013394e-05	0.0004355106900573167	0.00045481908868194967
0.0005306940577021066	-0.0012501157988249292	-0.0012918699651434966	-0.00011774635784834451	-7.998369096677147e-06	0.0001428223931569974	0.00038243619741332304
0.00045589274152526085	-0.0004244361138125353	0.003367835982836048	-0.0008667626649703051	0.0001904709439277047	-0.00028090197518469505	-0.0016620326673201424
0.000973083224585864	-0.0038573289359806638	0.0012882139057567243	0.00011470560886241024	-0.0005066364124363085	-0.0001366517537049187	0.0015510145798224332
-0.00584063447263669	-0.009379504407105797	0.0070622742358201025	-0.0006627405997606496	0.0004920921093768579	-0.010448364056712026	0.0024198020911873654
0.0007839774396058725	-0.01073630427891446	0.01139084585006934	0.007449203485745353	0.00011759527035225251	-0.019191667971780058	0.01428009152413724
-0.006748412670132643	-0.012105392730292446	0.008904519906307149	0.010633215828387076	-0.0006426194311082124	-0.02976449022247555	0.002761099571422637
-0.00933764517515059	-0.023688417320404737	0.011668211947463543	0.012618253760169514	0.0038031747774758405	-0.03917524039135402	0.005747816791080737
-0.009570406455723367	-0.0324685772287796	0.018685127793823815	0.01741180381467482	0.004216811890281371	-0.051957133250624114	0.0035843157183368854
-0.007791670086271584	-0.0397459020036632	0.02503273044117456	0.027745557196162413	0.0030604940983600514	-0.06320490355135604	0.011619376675489098
-0.009523525007258907	-0.05336889914689595	0.030529517023982492	0.034200209213419604	0.006654780302496767	-0.08665423155838417	0.01119483550689498
-0.012825613153475326	-0.06258456115025872	0.040591403113447444	0.03620481369421208	0.008918825567030388	-0.0959644449217463	0.02189388282326034
-0.0183689861483342	-0.07463080641797423	0.04369892358080741	0.04743944138731782	0.0051873638895581385	-0.12252385851140761	0.024799333514553
-0.025112386422441638	-0.08905423596168653	0.05270608293770493	0.05485384730462446	0.0036486940276563504	-0.13983868869950544	0.023636407244967364
-0.026333370742128315	-0.0991588823317294	0.06330673955243747	0.06085109842573957	0.0028213717080024657	-0.16343647023274277	0.036644867222815555
-0.033105331543094814	-0.11821758064643609	0.06457925498582422	0.06400690257840949	0.0052932569827245125	-0.18200795824400232	0.03346757568769362
-0.03872916068468674	-0.13055688898040885	0.07609074598103813	0.07815545839606311	0.006426357785075494	-0.20789813658833775	0.03845204284108732
-0.03744343517462406	-0.14664078562811012	0.08021621135559368	0.08202272353026907	0.005916570777843747	-0.23806071038787913	0.033638975415727385
-0.04914476601554813	-0.15541735972635976	0.09456959819856757	0.10167265088812813	0.01241899016441374	-0.254244832373005	0.04083823705702421
-0.054562854480264524	-0.1804078082965338	0.10264056560894838	0.1032730216735762	0.007547258224093822	-0.2933738133136285	0.04598372541740194
-0.06010257974174558	-0.19869743151768013	0.10810714468366314	0.11864163269654357	0.003366330278797792	-0.3047400171033246	0.04468248452787861
-0.06824956703978079	-0.20856279630683763	0.12071668726044041	0.12143366296217924	0.005397780329020116	-0.35272241586978414	0.05561614389291838
-0.07480424387860853	-0.2272991066779101	0.12319961617248375	0.13860476698622554	0.0113222039609654	-0.37106659625126986	0.05289129658849461
-0.07452487942486627	-0.25597668901902254	0.1333785617123008	0.14530650618773758	0.004083795888023378	-0.3966452755616421	0.05469156463967841
-0.08873794760961784	-0.2656361811916373	0.13862085868469118	0.16531665514611354	0.009123033396534235	-0.4283891496603856	0.0568784866019798
-0.0979954587577166	-0.27751970059751	0.1572773537136083	0.16376019506863973	0.006577886635795934	-0.4576825588394321	0.05293447584977613
-0.10369519688424464	-0.3001715593983257	0.15913620130592968	0.1717893041735481	0.0072113235557476054	-0.4769914248204331	0.05820374769769397
-0.10805966657134436	-0.3242597136356039	0.164685280737309	0.18774296863773943	0.014643361780890133	-0.5067548247647372	0.06234851475108572
-0.11465126275671554	-0.33268229395064475	0.17398484305169343	0.20152973300514102	0.009508930350577227	-0.5241153798710411	0.056955863724013074
-0.1206078000227194	-0.359221013885547	0.18428395919020807	0.20512060494854575	0.015876284702980595	-0.5530971766141156	0.05963085221302895
-0.13132368435233366	-0.37199468911605144	0.1871566201642937	0.20747806162120946	0.012690403153864478	-0.5955497729931708	0.05571876732075747
-0.1392136543880922	-0.39239474931309387	0.19176958212833195	0.23652184515774355	0.007884446670766114	-0.6094926413778011	0.06009377132704121
-0.15426765922540844	-0.4046361677057794	0.19696612855893242	0.23380293221386939	0.005646250495599582	-0.628416039579849	0.05842549180169104
-0.1566922663617843	-0.4243946047715672	0.20191680458064631	0.2457308579082758	0.009219258498361065	-0.6497288780334967	0.05647486367261469
-0.16333939212361065	-0.42770894098074813	0.20871420591966908	0.26044017062783603	0.008431199483617981	-0.6783252341132586	0.04004946007210893
-0.17989385815149078	-0.4473512981689049	0.21328765205282235	0.26746458803688566	0.0022029192563385027	-0.6955924811138007	0.04592073311616225
-0.18990513709022505	-0.4670437916599823	0.21144899182556334	0.2789145195851567	0.006224607349359537	-0.7333862989755492	0.03995205261293875
-0.19537189734419236	-0.47537197549824595	0.2065151349228624	0.2794820506751673	-0.0006164294196487556	-0.739793933778364	0.025477177942722116
-0.20353415644768716	-0.4831997608544943	0.2199503394704073	0.28155512392542037	0.000617068726231546	-0.7563398552372268	0.021787484952655454
-0.2046509650644501	-0.5002366297712261	0.21512744840753947	0.29155795344407087	0.00026850143079798673	-0.791033544884396	0.015666136442782936
-0.22394803745433384	-0.5009221978325572	0.2094039809476159	0.30114963288260427	-0.000836554417633592	-0.7963396659301728	0.008367995363855414
-0.23932362450459266	-0.5301918145896944	0.2034164836372338	0.2955215514214052	-0.007197555254973966	-0.8230761107577065	0.0035158468724938398
-0.24521200779015243	-0.5192463709770835	0.21015880491663963	0.3101168023391507	-0.003796245234832228	-0.8203644250820071	-0.001820487599674043
-0.24521200779015243	-0.5192463709770835	0.21015880491663963	0.3101168023391507	-0.003796245234832228	-0.8203644250820071	-0.001820487599674043
-0.2567004377654289	-0.5272198134964409	0.20428380242277744	0.3019432497584332	-0.015739124150888836	-0.8438550563846596	-0.028319469864103414
-0.268856099912918	-0.5393264614210176	0.19683281205976302	0.31258205284060264	-0.01758603142174584	-0.8553513912131582	-0.04076557672280626
-0.27565154336071557	-0.5402465135940465	0.1928248133613986	0.31706248923881514	-0.029243462688368183	-0.8590173218902755	-0.056702618953945925
-0.2792590537240605	-0.5423118418429317	0.18789623091407007	0.31454798457640604	-0.01943718042932119	-0.8717975954693106	-0.0715300376762209
-0.3084966171253062	-0.5513825199787331	0.16370600212222447	0.3281740181230584	-0.02842508247681659	-0.8609225903511096	-0.09106719015611096
-0.30601821453716616	-0.5454139078140775	0.17241790379843525	0.3253380466578834	-0.03183647524880933	-0.8806837007830524	-0.10708862488275674
-0.30994212174978925	-0.5534773515675758	0.15371757956036716	0.31923113654697416	-0.03958096882889023	-0.8662332208819126	-0.12683186960304568
-0.3280553610928352	-0.5431844256062002	0.13321209156467864	0.3198868520881029	-0.04523333341389549	-0.8652459249183762	-0.15040225430081874
-0.33837668627872175	-0.5436882752200599	0.12549795099558084	0.3181418329213664	-0.04570698950934755	-0.8529295448741785	-0.16165343446596914
-0.35102339090079976	-0.5319736095067695	0.10261032376644542	0.3207072526326437	-0.05248526585505675	-0.8364765071979248	-0.19961815493192284
-0.3581809078304892	-0.5203229235250832	0.08706753244150514	0.30027409905817704	-0.06235273364165403	-0.8172292012184306	-0.21280501944042327
-0.3712965282318509	-0.5112660920185429	0.07094065280886022	0.30424353936638093	-0.0689773627025613	-0.8232718025227179	-0.2564294824955089
-0.38511024017741136	-0.5168265640094045	0.04603058094402328	0.2951883730442087	-0.0701073663612834	-0.7839569275877127	-0.279597486642721
-0.3848543819732605	-0.4967415222294022	0.028683587079896045	0.288664598905428	-0.08093704875748385	-0.7738042445157679	-0.30825239620623057
-0.4042170998977554	-0.48772832459470594	0.017444000654365327	0.28576075023865216	-0.08306719031082103	-0.7611495183558011	-0.32961137426435266
-0.40997760638912506	-0.47423882948936324	-0.004159712837879632	0.26787249800278734	-0.10132528497908332	-0.7392900945948738	-0.3662594325602024
-0.4312414811596095	-0.4693950628888553	-0.019202364685761152	0.2673993372101925	-0.09249864915895853	-0.7168673219391009	-0.3736003143920247
-0.43070022869363733	-0.4557917377748136	-0.04007435919496092	0.26620075634530443	-0.09891239245939894	-0.7054924013520952	-0.42028852833937097
-0.44636487720219353	-0.43593913440242715	-0.06451295273280876	0.24686896865570018	-0.11203568230363711	-0.685439589517405	-0.44448577020795393
-0.44679850589888365	-0.4278311288204825	-0.0650142985969741	0.24991380925232504	-0.11045711382178666	-0.6642145631336159	-0.4409577495809338
-0.4624531342688986	-0.4104016939336201	-0.09413069143133443	0.25186772993706585	-0.11801508446002175	-0.6321769095160628	-0.45340341311022087
-0.46275840749838	-0.41597941923479426	-0.10730614442353008	0.22988138286889065	-0.12283821094400517	-0.6087666254718924	-0.4815579077492126
-0.46938624460776496	-0.39159024351866517	-0.11670295986527537	0.2252587837843169	-0.1281426199153601	-0.6104701676121062	-0.526860623152571
-0.48755423614700766	-0.3786024513320031	-0.13219448934590589	0.21150633100700428	-0.11792836579140502	-0.5815063486626838	-0.5465504272924417
-0.4788466900787334	-0.35338814159703985	-0.1411847280223115	0.20918620056654919	-0.12748915239876554	-0.5569510518139932	-0.5749432823292584
-0.4914368165428155	-0.35591399241453664	-0.15836142369420436	0.20107584464066383	-0.13798984207029097	-0.5407076082332286	-0.5762008354388567
-0.5110926969990259	-0.33693309906443375	-0.1653415860506044	0.19375288616423073	-0.1295097654384968	-0.5165706892930467	-0.5909829746563066
-0.4919966565092954	-0.32963928128818354	-0.17331972037273388	0.1861239776404731	-0.1366088278641578	-0.513587328314157	-0.60512874464945
-0.5193855105964911	-0.3058916621005741	-0.192449938442452	0.1730742329702325	-0.14638529070446663	-0.48819123986026824	-0.6372254988095958
-0.5207328671734743	-0.2908544879838332	-0.19897775582260335	0.16175679428422615	-0.1463539652805946	-0.44905373805111315	-0.6469806489256221
-0.5084748802109478	-0.28608005643610257	-0.201726377197962	0.15956415190059678	-0.13656263822966755	-0.44465037154681347	-0.6447360505868619
-0.5424420813721054	-0.25798957481644264	-0.22433664347211713	0.14646636904921514	-0.14099405604359427	-0.4112920602145432	-0.6513795213770863
-0.5249500772704988	-0.25235254973504745	-0.22932048631683394	0.14759578744650806	-0.14470564058866123	-0.38745267895324914	-0.6501628757289394
-0.5209200272324703	-0.24385681629614922	-0.22049698016862138	0.13601027960392378	-0.14207327994250782	-0.38357622015628107	-0.668755552594331
-0.5545566264217577	-0.21349356170334458	-0.24321683215210294	0.13029949846031905	-0.14555094929705126	-0.34424643055380255	-0.7038908715393534
-0.5405523119834137	-0.21422287051002292	-0.24856478369377907	0.1207530131158839	-0.145626739785521	-0.3196455696860046	-0.711744020841719
-0.5402488637256246	-0.19935304711518548	-0.2451188723070496	0.10709318741352924	-0.138567366352739	-0.2843939575166663	-0.7070499311290642
-0.5506719634441121	-0.17673330481698	-0.25169286615846914	0.09492751799767886	-0.13258583037877972	-0.26196984756532726	-0.6988505889170885
-0.5597519734245426	-0.16097255390073237	-0.26627987813553644	0.09378289480583797	-0.144626611843775	-0.24667140807487367	-0.7409429964694126
-0.5480987585201998	-0.15031071100684096	-0.2605101175699169	0.07983365349267961	-0.1382733614387802	-0.22508151399101847	-0.7513181458279697
-0.5363650529243862	-0.14026207825357487	-0.26008484019659805	0.06951074770979554	-0.13683556935486857	-0.1953215655909528	-0.7260493297884807
-0.5588674106236097	-0.11548176425881958	-0.27309299036334533	0.06561186805544798	-0.13140850856563277	-0.15975559805465642	-0.7358119393201475
-0.5552690088554952	-0.09236679241392917	-0.26750124962492344	0.04576046783793379	-0.13552479404842027	-0.14071719794505555	-0.759792417225551
-0.5278300423081133	-0.08079465950073501	-0.2711317887426045	0.040495544446593375	-0.13280795194022696	-0.11174926901979149	-0.7423933781192487
-0.5413021481686543	-0.06460514694380146	-0.2725144312535336	0.03247633813649808	-0.12453982015533005	-0.09083367519697125	-0.7571232148734459
-0.5597228244067116	-0.04968564920579974	-0.28882393653242405	0.02230177277580995	-0.13419028611469103	-0.05987297625313155	-0.7701618969743375
-0.5543848125355146	-0.025081618178301856	-0.2818072010340874	0.01549037869149058	-0.12088430868516495	-0.03479687537894275	-0.7609688687116033
-0.542048639487858	-0.016239089751347215	-0.27234813592094453	0.0045681564274271365	-0.12150293552206513	-0.01389063918808317	-0.7566952393669822
-0.542048639487858	-0.016239089751347215	-0.27234813592094453	0.0045681564274271365	-0.12150293552206513	-0.01389063918808317	-0.7566952393669822
-0.561957139955742	0.009489407868155842	-0.2714688805841379	-0.010642283448053829	-0.11572071106823549	0.015395133891450941	-0.7850478470644785
-0.5600243577161143	0.019709337442364316	-0.283635126326529	-0.009495250475579826	-0.11392907425431031	0.04766371623977911	-0.7712610877623896
-0.5396392303037562	0.037637393824628766	-0.2603339793030643	-0.026909328375522543	-0.10400768535948388	0.07638559663637368	-0.7415625514387678
-0.5419570966199385	0.05515286188653169	-0.2623410113464285	-0.038588294043022206	-0.10830901361207405	0.11074794993190173	-0.7666414488619957
-0.551866616205665	0.07591557558590667	-0.27096799984935666	-0.04826792183984799	-0.10097962046205379	0.12680915280504182	-0.7515370716308954
-0.5380571876035178	0.09463015191469172	-0.26051883695348116	-0.06112079036452931	-0.0923144144485581	0.16524897174205383	-0.7427295150795963
-0.5322585434628134	0.1132296528414962	-0.24709142972276102	-0.07780029786988076	-0.08512354393665852	0.18754684422937098	-0.7492982751261044
-0.5331492025767605	0.1305246421126272	-0.2510133297798921	-0.08214212915447772	-0.08171262779215523	0.21939667018737224	-0.7596793628435562
-0.5327772733616433	0.15085047352024838	-0.23939467425014682	-0.08597296574192159	-0.06963155413159547	0.24154303325827506	-0.73686323097333
-0.5216113025130239	0.1664487297316465	-0.22658392590170984	-0.10858435129065687	-0.06381252046892527	0.2883470358770456	-0.7131222781500266
-0.5338103043278336	0.1945901447433727	-0.2255592688784819	-0.12226167942433307	-0.0612857228104586	0.31193416319826156	-0.7265663359704243
-0.5316031597485351	0.2135946005861709	-0.21364088013072105	-0.12608842461296638	-0.05357170861312875	0.3421349400856828	-0.7344957845934382
-0.5064381537720808	0.22869704309657116	-0.19917531661335613	-0.14080051534826826	-0.045836106872199224	0.36561039703466647	-0.6936199016766295
-0.5244404820891034	0.2503543793138184	-0.1979379090330639	-0.15289844202590414	-0.04106561636988566	0.4023521081493397	-0.6814852202425062
-0.510407234521203	0.2764406636732303	-0.19939891973958784	-0.15733899974689938	-0.03758567630280163	0.4409019927638174	-0.6902989919573891
-0.48901494997892975	0.28537998371853796	-0.17055292002474945	-0.17960753736037494	-0.018589128556330034	0.45752720489682314	-0.6984564556169095
-0.4906672457137598	0.3073424468427195	-0.1664553559973539	-0.17873875500455602	-0.02357701415361227	0.4972068339695965	-0.6793322322666188
-0.483574876332832	0.3316119777194318	-0.16031150214889867	-0.19820814627148053	-0.006353780044202019	0.5280682919992294	-0.6354334653447916
-0.47088422132637925	0.3497078439952876	-0.1374628634942173	-0.20185194719641483	0.0008694252321413822	0.5772405975218201	-0.6261120647188738
-0.4773949058720056	0.3790563617963538	-0.133722678368796	-0.22772169510501958	0.0046073111500860115	0.5943361174365734	-0.597976996379663
-0.452686782969885	0.3892295350095357	-0.10788959481712679	-0.22257687943886262	0.022549592307719947	0.6132891289467437	-0.5882954036948999
-0.4549415030936471	0.4218639609666526	-0.09813017080239136	-0.2543983935709495	0.034362693308999076	0.6393563883163668	-0.5612908689335714
-0.44951453598535834	0.4355109455822776	-0.08778434087744108	-0.2529555664855864	0.038462962404084255	0.6887399762902661	-0.546175836542945
-0.42937273958104283	0.46032508445006454	-0.06552231146218103	-0.2702883815230019	0.05163941181503948	0.7209749166824834	-0.5224117868206264
-0.4338876286843595	0.49028923927689594	-0.05867754952212545	-0.2761953643566308	0.05677028284047692	0.7469409132280885	-0.5125600138212433
-0.41310942411316937	0.5074816267571585	-0.041502640477555225	-0.2865020546972695	0.07229280966437061	0.7823914885114762	-0.4954161618944518
-0.4116263458253632	0.5327206488207957	-0.0280190785536165	-0.3082177178458263	0.0795122772964914	0.8217962651630845	-0.49738195777272803
-0.3891503181849821	0.558295958132722	-0.0016622518584594724	-0.31791954822610013	0.09671815913687186	0.8529889293287928	-0.4878237518173431
-0.37981690919781025	0.5728410420877795	0.008560374751924608	-0.33352490348174124	0.10205522527744482	0.8972996763021595	-0.4562265752249668
-0.37377121782840883	0.6032710101605069	0.02818143219760967	-0.33355294241039973	0.12046700866110856	0.9379717862112795	-0.43392812699638916
-0.3748106829453664	0.6107448224932384	0.047755021500614274	-0.3723445768884636	0.14111212865519798	0.9738786115491838	-0.3894608375842306
-0.3484650853246054	0.6458782254638693	0.0748645994311823	-0.37438773988195	0.1474718621390353	1.008083720763713	-0.3841303340357806
-0.3524036877400785	0.6765660359743574	0.08650717859011314	-0.4009492561163194	0.15090893985516318	1.03440708916742	-0.3589373198202073
-0.3384364093400544	0.6897883179076708	0.1162176858459709	-0.3944941265663119	0.1678607611954392	1.0714373166327449	-0.3190925346389404
-0.31753943957227854	0.7049456357859213	0.12968855649768565	-0.416643067931287	0.17771327535772996	1.103013637385872	-0.31044744804144997
-0.30499357749944167	0.7062526215763236	0.13498859999660914	-0.408192445358997	0.18904739110000754	1.1317321150223734	-0.2746936963792011
-0.29076870128622856	0.7215111351188386	0.15982259312304997	-0.40569818417698017	0.19058778728404963	1.1260770112110918	-0.26475601921745484
-0.2874240688597874	0.7258415018626448	0.15858787490389017	-0.4045308720704867	0.201378203863327	1.1355115550406023	-0.23761077548908272
-0.27143473492469816	0.733833799894183	0.1746939709940763	-0.4207840333043241	0.20261789426633459	1.1200579704987896	-0.23038312592299162
-0.2532543663063176	0.7155884656764074	0.18620979724436057	-0.4067401850241639	0.20193003858387304	1.110395023427861	-0.20817605260088373
-0.25308610684617733	0.705921534202746	0.1744672172178844	-0.4092843406831428	0.20993303611502645	1.0927760533749136	-0.18725964826772684
-0.23836757456708366	0.7020458370991963	0.19174917742013636	-0.3976189853102368	0.19999631571110885	1.092373144250586	-0.1687501816981455
-0.22771684046156385	0.6853973680337005	0.18965636370721334	-0.3962762005870583	0.18577795012238302	1.0641708962130985	-0.16122320222670938
-0.21047841658337435	0.6635667017068358	0.18714336296233963	-0.377021634229018	0.19626296414988975	1.0394066771100552	-0.13323113441654275
-0.21119187167940753	0.6506216422182934	0.186899496192628	-0.37352120225864627	0.19887103509978823	1.01642915835375	-0.12861817597561437
-0.18170225288157368	0.6174552940872748	0.18645921782954328	-0.35421160356024717	0.18333980605189626	0.9756148607864694	-0.12664413067706015
-0.17282170910616065	0.6095468816399576	0.17383668306545574	-0.3487989596530386	0.1803949263211716	0.9380066654934707	-0.1161874926744958
-0.16112675117233605	0.5811880518362121	0.17693647086816167	-0.3350880610218333	0.1774113933126468	0.9052294959799004	-0.09860879041545902
-0.15094567189794073	0.5546677698562201	0.16792044687327798	-0.32072180550962387	0.1731103474428057	0.8548728398242234	-0.08478717791060282
-0.14053962844451257	0.5234871673267637	0.16485862138080337	-0.2987811541091296	0.16386468970330365	0.8255833218455769	-0.07753931082753508
-0.1293423605695588	0.5006968783809491	0.15618863512552622	-0.2854955665096317	0.15509904578385084	0.7807987243595538	-0.06465844010929517
-0.1293423605695588	0.5006968783809491	0.15618863512552622	-0.2854955665096317	0.15509904578385084	0.7807987243595538	-0.06465844010929517
-0.12460361996678543	0.46711492040603697	0.15515633736026352	-0.26886746975805187	0.13930406998271935	0.7259394620632293	-0.06740410929738687
-0.11031859067699258	0.4398029076198744	0.14226399516606902	-0.2552870430821042	0.13426412570199414	0.6788608515734456	-0.046861533957992065
-0.09894469176893242	0.40230839411895	0.13246230218493454	-0.24102756195816855	0.13607199972891967	0.6301554153548442	-0.04410811446598117
-0.09411492847867847	0.3602225082349772	0.12513284240780514	-0.21292549075001505	0.11606843357181106	0.5804777530151323	-0.03870995852813426
-0.08444431053982547	0.34642679519527136	0.11449286863474899	-0.19575157465598397	0.10604520441207496	0.5303182780165904	-0.040820850224592364
-0.07498855856998994	0.31150434309088876	0.10696626394064827	-0.17618514093506837	0.09648525959358074	0.4905829313565147	-0.035430867472065725
-0.06915840495297249	0.2876405402264167	0.10082623065742718	-0.16695034007878382	0.0921518505913318	0.4405570524250569	-0.026976276651062354
-0.05710434405673905	0.24977620960592392	0.09150401088969731	-0.1437465622440989	0.08110948854304774	0.39679051950069766	-0.02461216229961861
-0.04861940141301021	0.22128871407873615	0.0737198640426073	-0.13014887839978045	0.06857950095939891	0.33615059956806587	-0.017180851542046825
-0.04259606893295298	0.19571801030885932	0.0668841020847593	-0.10866503455206183	0.059335586363604725	0.30079518633906316	-0.01876055194543876
-0.0395622508473175	0.16292467347573958	0.05637557909739387	-0.09670094150346276	0.05738089491195295	0.25908662834060403	-0.0013751779124764867
-0.029679665987344454	0.13987806257091412	0.04986297992173382	-0.07557087617915006	0.04305239564736431	0.21082750920981974	-0.015841113186007005
-0.02762981452305186	0.11456224500989819	0.043663748175599926	-0.0644875818199694	0.038174240974962775	0.1807119822649711	-0.00736213281299004
-0.017071964733309023	0.09601073681781627	0.036852721272853016	-0.05361809541446383	0.032568454792672244	0.13816908439270312	-0.0010342756315315043
-0.01946794707482914	0.07303494622556261	0.02385624132207536	-0.04531580874534967	0.023210769157145164	0.11523649077308083	-0.007146628865675111
-0.015179733897315782	0.05028716341408956	0.026691182463616746	-0.03462246454877099	0.01968461211085232	0.08248072636652604	-0.0024629253050533727
-0.010649045115091965	0.03873410860478656	0.016005279586698878	-0.022299866303193184	0.0166563126642631	0.05975891026400932	-0.009165006067774838
-0.009070980994618389	0.020742205470426447	0.008836319935817199	-0.013912523413457169	0.004246390824802238	0.037231761368894944	-0.0015726884201006939
-0.0018372630415671646	0.014453366829863113	0.005173644427001837	-0.004996261145228841	0.0010393729862304788	0.019254576278358818	-0.003603702741672488
0.0006498906303250826	0.010171339950078096	0.004831573806591139	-0.0028292680529844166	0.00021783148257006584	0.016280222309657463	0.001396345990993992
0.00020164338789564713	0.0015780562428693986	0.0011622929376446998	0.0018769784755320253	0.0003993120559400324	5.2639840645780094e-05	-0.0011576331549701627
