0.000682830810546875
0.034028053283691406
0.06731963157653809
0.10052633285522461
0.13397502899169922
0.16726112365722656
0.20064711570739746
0.23396706581115723
0.26726651191711426
0.3006448745727539
0.33396458625793457
0.3671448230743408
0.40072202682495117
0.43398284912109375
0.4672703742980957
0.5007193088531494
0.5339820384979248
0.5672194957733154
0.6006331443786621
0.6340017318725586
0.6673076152801514
0.7006211280822754
0.7339558601379395
0.76731276512146
0.8006103038787842
0.8339476585388184
0.867323637008667
0.9006235599517822
0.9339673519134521
0.967310905456543
1.000708818435669
1.0340497493743896
1.0673127174377441
1.1005024909973145
1.134063720703125
1.167299509048462
1.2006323337554932
1.2340073585510254
1.2672479152679443
1.300635814666748
1.334031581878662
1.3672871589660645
1.4006330966949463
1.4340920448303223
1.467287302017212
1.5005502700805664
1.5341017246246338
1.567305088043213
1.6006512641906738
1.633976936340332
1.667309045791626
1.700622320175171
1.7339653968811035
1.767303466796875
1.8005139827728271
1.83408784866333
1.8673183917999268
1.9005928039550781
1.9339942932128906
1.967313528060913
2.000612735748291
2.0339488983154297
2.0673930644989014
2.100865602493286
2.1339783668518066
2.16729474067688
2.200634241104126
2.233950614929199
2.2672789096832275
2.300626277923584
2.333982467651367
2.367286443710327
2.400620460510254
2.4339709281921387
2.467216730117798
2.5006253719329834
2.533963680267334
2.5673623085021973
2.600680112838745
2.633981466293335
2.6672255992889404
2.7006142139434814
2.733962059020996
2.767282485961914
2.800616502761841
2.8339998722076416
2.867309093475342
2.9006075859069824
2.9339542388916016
2.9672653675079346
3.0005784034729004
3.0339717864990234
3.0672969818115234
3.1007375717163086
3.134040355682373
3.167310953140259
3.200568675994873
3.233900785446167
3.2672739028930664
3.3006346225738525
3.33396315574646
3.367274761199951
3.4005606174468994
3.433953046798706
3.4672746658325195
3.5006113052368164
3.5339603424072266
3.5671865940093994
3.600619077682495
3.634082078933716
3.667210102081299
3.70060133934021
3.733952522277832
3.767258882522583
3.8006553649902344
3.833958864212036
3.86726975440979
3.9006311893463135
3.933943748474121
3.967288017272949
4.00063157081604
4.033947706222534
4.067274570465088
4.10062050819397
4.1339826583862305
4.167384624481201
4.200576305389404
4.234023094177246
4.2673280239105225
4.300652265548706
4.3339738845825195
4.367285966873169
4.400568723678589
4.433794736862183
4.467312812805176
4.500628471374512
4.533934116363525
4.567285776138306
4.600639343261719
4.633940696716309
4.667357683181763
4.700685501098633
4.733945608139038
4.767259120941162
4.800633907318115
4.833980321884155
4.867312908172607
4.90073299407959
4.933956861495972
4.967295408248901
5.000601291656494
5.033948183059692
5.067289113998413
5.100600004196167
5.133962154388428
5.167288303375244
5.200728178024292
5.233986139297485
5.267338037490845
5.300636053085327
5.333958148956299
5.367281675338745
5.400618553161621
5.433976173400879
5.4672911167144775
5.5006139278411865
