0.30364710092544556	-24.231271743774414	-0.0029327869415283203	12.651493072509766	0.0015368005260825157	1.569270372390747	0.4204860031604767
0.22826868295669556	-24.231271743774414	-0.0029327869415283203	12.576114654541016	0.0015368005260825157	1.569270372390747	0.4104152023792267
0.22826868295669556	-24.306650161743164	-0.0029327869415283203	12.611820220947266	0.0015368005260825157	1.569270372390747	0.4809108078479767
0.22826868295669556	-24.647836685180664	0.07641291618347168	12.687198638916016	0.01893182098865509	1.480464220046997	0.4003444015979767
0.34331995248794556	-24.497079849243164	0.22716975212097168	13.024417877197266	-0.007618472911417484	1.282710313796997	0.4506984055042267
0.15289026498794556	-24.457406997680664	0.11211848258972168	13.139469146728516	0.02808709442615509	1.282710313796997	0.5724635124206543
0.15289026498794556	-24.647836685180664	-0.0029327869415283203	12.949039459228516	0.05463738739490509	1.282710313796997	0.5422511100769043
0.15289026498794556	-24.913644790649414	0.07641291618347168	13.250553131103516	0.07203240692615509	1.302851915359497	0.5623927116394043
0.37902551889419556	-24.762887954711914	0.3779265880584717	13.325931549072266	0.07203240692615509	1.253413438796997	0.5724635124206543
0.22826868295669556	-24.798593521118164	0.2668426036834717	13.325931549072266	0.08027215301990509	1.233271837234497	0.6228175163269043
0.11321741342544556	-24.949350357055664	0.07641291618347168	13.401309967041016	0.1333727389574051	1.233271837234497	0.6026759147644043
0.07751184701919556	-24.989023208618164	0.11211848258972168	13.774234771728516	0.1690783053636551	1.272639513015747	0.5926051139831543
0.11321741342544556	-25.064401626586914	0.15179133415222168	13.774234771728516	0.1864733248949051	1.243342638015747	0.4909816086292267
0.18859583139419556	-24.949350357055664	0.2668426036834717	13.960697174072266	0.2304186373949051	1.223201036453247	0.5422511100769043
0.03783899545669556	-25.064401626586914	0.15179133415222168	14.075748443603516	0.2752794623374939	1.282710313796997	0.5523219108581543
0.0021334290504455566	-25.024728775024414	0.11211848258972168	14.111454010009766	0.2752794623374939	1.193904161453247	0.4708400070667267
0.15289026498794556	-24.949350357055664	0.3025481700897217	14.111454010009766	0.2752794623374939	1.262568712234497	0.4809108078479767
-0.03753942251205444	-25.179452896118164	0.18749690055847168	14.448673248291016	0.3366197943687439	1.282710313796997	0.5523219108581543
-0.11291784048080444	-25.215158462524414	0.07641291618347168	14.484378814697266	0.3100695013999939	1.253413438796997	0.4809108078479767
0.11321741342544556	-24.838266372680664	0.2668426036834717	14.559757232666016	0.3540148138999939	1.262568712234497	0.4305568039417267
-0.18829625844955444	-24.608163833618164	0.03674006462097168	14.710514068603516	0.4336656928062439	1.213130235671997	0.5523219108581543
-0.03753942251205444	-24.913644790649414	0.18749690055847168	14.785892486572266	0.4510607123374939	1.302851915359497	0.5221095085144043
0.0021334290504455566	-25.215158462524414	0.3025481700897217	15.234195709228516	0.4162706732749939	1.322077989578247	0.5422511100769043
0.0021334290504455566	-24.608163833618164	0.18749690055847168	15.012027740478516	0.4428209662437439	1.312007188796997	0.5523219108581543
-0.03753942251205444	-24.155893325805664	0.18749690055847168	15.087406158447266	0.4867662787437439	1.282710313796997	0.4909816086292267
-0.11291784048080444	-25.139780044555664	0.03674006462097168	15.908634185791016	0.5490221381187439	1.322077989578247	0.4909816086292267
-0.26764196157455444	-24.572458267211914	0.03674006462097168	15.757877349853516	0.5490221381187439	1.302851915359497	0.5422511100769043
0.30364710092544556	-24.231271743774414	0.4572722911834717	16.170475006103516	0.5041612982749939	1.411799669265747	0.4204860031604767
0.30364710092544556	-24.572458267211914	0.5683562755584717	15.908634185791016	0.5041612982749939	1.233271837234497	0.4909816086292267
-0.15259069204330444	-23.890085220336914	0.15179133415222168	16.694156646728516	0.5398668646812439	1.272639513015747	0.5010523796081543
-0.34302037954330444	-24.155893325805664	-0.0029327869415283203	16.733829498291016	0.5664171576499939	1.312007188796997	0.4909816086292267
-0.26764196157455444	-23.398141860961914	-0.0029327869415283203	16.694156646728516	0.5664171576499939	1.213130235671997	0.4003444015979767
0.18859583139419556	-23.548898696899414	0.4572722911834717	17.106754302978516	0.6103624701499939	1.213130235671997	0.4909816086292267
0.18859583139419556	-23.172006607055664	0.4929778575897217	17.146427154541016	0.5838121771812439	1.193904161453247	0.4003444015979767
-0.30334752798080444	-23.588571548461914	-0.07831120491027832	17.896244049072266	0.6543077826499939	1.213130235671997	0.5010523796081543
-0.30334752798080444	-22.600717544555664	-0.22906804084777832	17.856571197509766	0.6808580756187439	1.253413438796997	0.3802028000354767
-0.03753942251205444	-22.640390396118164	0.07641291618347168	18.007328033447266	0.6460680365562439	1.253413438796997	0.4708400070667267
0.26794153451919556	-22.640390396118164	0.6080291271209717	18.419925689697266	0.6982530951499939	1.223201036453247	0.5523219108581543
-0.30334752798080444	-21.767587661743164	-0.0029327869415283203	18.681766510009766	0.6900133490562439	1.272639513015747	0.4104152023792267
-0.41839879751205444	-21.958017349243164	-0.03863835334777832	18.868228912353516	0.6982530951499939	1.262568712234497	0.4506984055042267
-0.49377721548080444	-21.501779556274414	-0.22906804084777832	18.681766510009766	0.6634630560874939	1.105098009109497	0.5221095085144043
-0.07721227407455444	-20.482187271118164	-0.03863835334777832	19.693424224853516	0.6012071967124939	1.253413438796997	0.3490748703479767
-0.34302037954330444	-20.974130630493164	-0.3441193103790283	19.693424224853516	0.5572618842124939	1.253413438796997	0.06526139378547668
-0.34302037954330444	-20.974130630493164	-0.3441193103790283	19.693424224853516	0.5572618842124939	1.253413438796997	0.06526139378547668
-0.6088284850120544	-20.176706314086914	-0.6138947010040283	19.693424224853516	0.5838121771812439	1.163691759109497	0.08540299534797668
-0.03753942251205444	-19.117441177368164	-0.3084137439727783	19.693424224853516	0.5041612982749939	1.302851915359497	0.004836585372686386
-0.45410436391830444	-19.117441177368164	-0.6892731189727783	19.618045806884766	0.5664171576499939	1.253413438796997	-0.10685774683952332
-0.8349637389183044	-18.585824966430664	-1.2208893299102783	20.403568267822266	0.4776110053062439	1.312007188796997	-0.23869368433952332
0.15289026498794556	-18.093881607055664	-0.2687408924102783	20.066349029541016	0.5133165717124939	1.193904161453247	-0.3192600905895233
-0.37872594594955444	-17.562265396118164	-0.8797028064727783	20.554325103759766	0.4428209662437439	1.302851915359497	-0.2991184890270233
-0.45410436391830444	-16.994943618774414	-1.3359405994415283	20.514652252197266	0.5398668646812439	1.233271837234497	-0.3302464187145233
-0.6842069029808044	-16.237192153930664	-1.1058380603790283	19.990970611572266	0.3988756537437439	1.213130235671997	-0.3302464187145233
-0.6088284850120544	-15.368356704711914	-1.4113190174102783	20.292484283447266	0.3897203803062439	1.183833360671997	-0.3192600905895233
-0.30334752798080444	-15.709543228149414	-1.0304596424102783	20.252811431884766	0.4602159857749939	1.163691759109497	-0.3403172194957733
-0.5334500670433044	-14.344797134399414	-1.7167999744415283	21.038333892822266	0.5929674506187439	1.134394884109497	-0.3403172194957733
-0.6445340514183044	-14.039316177368164	-1.6414215564727783	20.217105865478516	0.4428209662437439	1.163691759109497	-0.2789768874645233
-0.8349637389183044	-13.206186294555664	-1.7961456775665283	20.478946685791016	0.4510607123374939	1.183833360671997	-0.3302464187145233
-0.37872594594955444	-12.753915786743164	-1.4906647205352783	20.439273834228516	0.5041612982749939	1.105098009109497	-0.22862288355827332
-0.5691556334495544	-12.107248306274414	-1.8715240955352783	20.403568267822266	0.5664171576499939	1.163691759109497	-0.3091892898082733
-0.6088284850120544	-12.107248306274414	-1.9469025135040283	20.776493072509766	0.5398668646812439	1.193904161453247	-0.2789768874645233
-0.5691556334495544	-10.821847915649414	-2.2523834705352783	20.554325103759766	0.5041612982749939	1.163691759109497	-0.2789768874645233
-0.7595853209495544	-10.782175064086914	-2.2523834705352783	20.141727447509766	0.4959215521812439	1.193904161453247	-0.2689060866832733
-0.34302037954330444	-10.139474868774414	-2.1373322010040283	20.851871490478516	0.5838121771812439	1.292781114578247	-0.23869368433952332
-0.8349637389183044	-9.381723403930664	-2.5181915760040283	20.292484283447266	0.5133165717124939	1.193904161453247	-0.3091892898082733
0.34331995248794556	-9.230966567993164	-1.6414215564727783	20.030643463134766	0.6726183295249939	1.025447130203247	-0.22862288355827332
-0.6842069029808044	-8.132028579711914	-2.3277618885040283	20.328189849853516	0.5398668646812439	1.262568712234497	-0.3302464187145233
-0.30334752798080444	-8.397836685180664	-1.7961456775665283	19.879886627197266	0.5746569037437439	1.144465684890747	-0.17735335230827332
-0.30334752798080444	-7.374276638031006	-2.0619537830352783	20.367862701416016	0.4867662787437439	1.154536485671997	-0.24876448512077332
-1.0253934860229492	-7.409982204437256	-2.2127106189727783	19.729129791259766	0.4162706732749939	1.084956407546997	-0.2588352859020233
0.03783899545669556	-6.541146755218506	-1.8715240955352783	20.066349029541016	0.4428209662437439	1.095027208328247	-0.2588352859020233
-0.41839879751205444	-6.656198024749756	-2.0619537830352783	19.804508209228516	0.4510607123374939	1.144465684890747	-0.20848128199577332
-0.8746365904808044	-5.743722438812256	-1.7564728260040283	19.804508209228516	0.4428209662437439	1.173762559890747	-0.2890476882457733
0.45440393686294556	-5.291451930999756	-1.1455109119415283	19.653751373291016	0.5929674506187439	1.114253282546997	-0.2789768874645233
-0.8746365904808044	-5.291451930999756	-1.8715240955352783	19.768802642822266	0.4776110053062439	1.124324083328247	-0.3302464187145233
-0.7595853209495544	-4.569406032562256	-1.9865753650665283	19.356204986572266	0.4510607123374939	1.163691759109497	-0.2991184890270233
0.8352633118629456	-4.874886989593506	-0.5345489978790283	19.467288970947266	0.4162706732749939	1.233271837234497	-0.2890476882457733
-0.41839879751205444	-4.041757106781006	-1.0304596424102783	19.205448150634766	0.3100695013999939	1.084956407546997	-0.3403172194957733
-0.8349637389183044	-3.208627223968506	-1.8318512439727783	19.018985748291016	0.3018297553062439	1.223201036453247	-0.3192600905895233
0.37902551889419556	-3.811654567718506	-0.6892731189727783	19.356204986572266	0.3988756537437439	1.213130235671997	-0.3503880202770233
-0.26764196157455444	-3.510140895843506	-0.2687408924102783	19.241153717041016	0.4071153998374939	1.223201036453247	-0.4208836257457733
-0.5691556334495544	-2.145394802093506	-0.9154083728790283	18.757144927978516	0.2661241888999939	1.173762559890747	-0.4007420241832733
-0.15259069204330444	-2.561959743499756	-0.6496002674102783	19.018985748291016	0.3018297553062439	1.154536485671997	-0.4007420241832733
0.49407678842544556	-2.601632595062256	0.4175994396209717	18.868228912353516	0.2926744818687439	1.193904161453247	-0.3403172194957733
-0.7595853209495544	-2.185067653656006	-0.4194977283477783	18.681766510009766	0.1782335788011551	1.203974962234497	-0.3403172194957733
-0.49377721548080444	-1.4630218744277954	-0.3441193103790283	18.566715240478516	0.2569689154624939	1.114253282546997	-0.3906712234020233
0.37902551889419556	-1.6177459955215454	0.7230803966522217	18.344547271728516	0.2569689154624939	1.084956407546997	-0.3403172194957733
-0.41839879751205444	-2.185067653656006	0.11211848258972168	18.792850494384766	0.3723253607749939	1.173762559890747	-0.3192600905895233
-0.5691556334495544	-1.8795868158340454	0.4929778575897217	18.868228912353516	0.1516832858324051	1.114253282546997	-0.3503880202770233
-0.03753942251205444	-1.3519378900527954	1.0285613536834717	18.606388092041016	0.2221788913011551	1.114253282546997	-0.3192600905895233
0.34331995248794556	-1.0861297845840454	1.2189910411834717	18.380252838134766	0.3805651068687439	1.154536485671997	-0.2991184890270233
-0.5691556334495544	-1.4273163080215454	0.7984588146209717	18.531009674072266	0.1251329928636551	1.064814805984497	-0.3091892898082733
-0.5334500670433044	-1.3519378900527954	1.1793181896209717	18.495304107666016	0.2221788913011551	1.114253282546997	-0.3192600905895233
-0.5334500670433044	-1.3519378900527954	1.1793181896209717	18.495304107666016	0.2221788913011551	1.114253282546997	-0.3192600905895233
0.34331995248794556	-0.9353729486465454	1.4847991466522217	18.269168853759766	0.2130236178636551	1.322077989578247	-0.3403172194957733
0.07751184701919556	-0.7052704095840454	2.0560882091522217	18.269168853759766	0.1864733248949051	1.411799669265747	-0.3403172194957733
-0.7199124693870544	-0.328378289937973	1.5244719982147217	18.043033599853516	0.1425280123949051	1.391658067703247	-0.4510960280895233
-0.07721227407455444	-0.5188080072402954	1.5998504161834717	18.043033599853516	0.1425280123949051	1.411799669265747	-0.4108128249645233
0.49407678842544556	-0.6298919916152954	2.7821013927459717	17.931949615478516	0.3631700873374939	1.560115098953247	-0.3302464187145233
-0.49377721548080444	-0.5941864252090454	2.0203826427459717	18.043033599853516	0.11597771942615509	1.461238145828247	-0.22862288355827332
-0.34302037954330444	-0.8203216791152954	2.0957610607147217	17.931949615478516	0.1425280123949051	1.441096544265747	-0.3604588210582733
0.45440393686294556	-0.9710785150527954	3.2026336193084717	18.082706451416016	0.2130236178636551	1.431025743484497	-0.2890476882457733
-0.18829625844955444	-0.9353729486465454	2.5519988536834717	17.896244049072266	0.1599230319261551	1.560115098953247	-0.3604588210582733
-0.6445340514183044	-0.6695648431777954	2.2861907482147217	17.896244049072266	0.03632684051990509	1.490535020828247	-0.2991184890270233
0.22826868295669556	-1.4630218744277954	3.4287688732147217	18.419925689697266	0.1690783053636551	1.470393419265747	-0.24876448512077332
0.18859583139419556	-2.260446071624756	3.0875823497772217	18.606388092041016	0.1782335788011551	1.510676622390747	-0.19841048121452332
-0.8746365904808044	-1.8042083978652954	2.4369475841522217	18.269168853759766	0.08942742645740509	1.431025743484497	-0.3302464187145233
0.37902551889419556	-1.9589325189590454	3.4684417247772217	18.158084869384766	0.2038683444261551	1.431025743484497	-0.3906712234020233
0.07751184701919556	-2.827767848968506	3.6191985607147217	18.380252838134766	0.1333727389574051	1.401728868484497	-0.3604588210582733
-0.7199124693870544	-2.792062282562256	2.8574798107147217	18.717472076416016	0.10682244598865509	1.480464220046997	-0.2689060866832733
0.34331995248794556	-3.018197536468506	3.2780120372772217	18.495304107666016	0.1516832858324051	1.490535020828247	-0.3503880202770233
-0.22796911001205444	-4.077462673187256	3.3930633068084717	18.868228912353516	0.06287713348865509	1.292781114578247	-0.3091892898082733
-0.03753942251205444	-3.887032985687256	3.5438201427459717	18.717472076416016	0.2130236178636551	1.371516466140747	-0.3906712234020233
0.8352633118629456	-4.874886989593506	3.8135955333709717	18.979312896728516	0.5133165717124939	1.480464220046997	-0.3192600905895233
-0.6842069029808044	-4.609078884124756	2.9725310802459717	18.717472076416016	0.6369127631187439	1.441096544265747	-0.4309544265270233
0.18859583139419556	-6.084908962249756	3.4684417247772217	19.130069732666016	0.6634630560874939	1.401728868484497	-0.2991184890270233
0.15289026498794556	-6.009530544281006	3.5834929943084717	18.792850494384766	0.8310045599937439	1.431025743484497	-0.4108128249645233
-0.26764196157455444	-6.616525173187256	3.2383391857147217	19.356204986572266	0.8749498724937439	1.391658067703247	-0.3604588210582733
0.7995577454566956	-7.525033473968506	3.5438201427459717	18.979312896728516	0.8932604193687439	1.480464220046997	-0.4620823562145233
-0.45410436391830444	-7.298898220062256	3.0875823497772217	19.130069732666016	0.9903063178062439	1.500605821609497	-0.3806004226207733
0.6845064759254456	-8.739023208618164	3.4287688732147217	19.241153717041016	1.1578478813171387	1.381587266921997	-0.2991184890270233
-0.22796911001205444	-9.004831314086914	2.9725310802459717	19.280826568603516	1.0955920219421387	1.362361192703247	-0.3705296218395233
0.34331995248794556	-9.381723403930664	3.3930633068084717	19.316532135009766	1.0424914360046387	1.362361192703247	-0.3906712234020233
-0.22796911001205444	-10.556039810180664	2.9725310802459717	18.943607330322266	0.9719957709312439	1.262568712234497	-0.3403172194957733
0.7598848938941956	-11.047983169555664	3.4684417247772217	19.542667388916016	0.9546007513999939	1.371516466140747	-0.2890476882457733
0.03783899545669556	-11.770029067993164	3.0122039318084717	19.241153717041016	0.9546007513999939	1.431025743484497	-0.3906712234020233
0.6448336243629456	-12.714242935180664	3.0122039318084717	19.356204986572266	0.9811510443687439	1.352290391921997	-0.3302464187145233
-0.07721227407455444	-13.396615982055664	2.4369475841522217	19.205448150634766	0.9106554388999939	1.391658067703247	-0.2689060866832733
-0.03753942251205444	-14.495553970336914	2.0560882091522217	19.280826568603516	0.9015001654624939	1.292781114578247	-0.4108128249645233
-0.34302037954330444	-14.987497329711914	2.0560882091522217	19.205448150634766	0.8483995795249939	1.362361192703247	-0.2890476882457733
-0.41839879751205444	-16.161813735961914	1.5601775646209717	19.165775299072266	0.7962145209312439	1.381587266921997	-0.4208836257457733
0.03783899545669556	-17.034616470336914	1.8299529552459717	19.205448150634766	0.8667101263999939	1.510676622390747	-0.3806004226207733
0.0021334290504455566	-17.641611099243164	1.7506072521209717	19.130069732666016	0.8310045599937439	1.529902696609497	-0.4007420241832733
-0.8349637389183044	-18.700876235961914	0.6080291271209717	18.903934478759766	0.7696642279624939	1.510676622390747	-0.3503880202770233
-0.11291784048080444	-19.534006118774414	1.2189910411834717	19.054691314697266	0.7513536810874939	1.529902696609497	-0.4410252273082733
-0.07721227407455444	-20.141000747680664	1.1793181896209717	18.344547271728516	0.7431139349937439	1.461238145828247	-0.4620823562145233
-0.22796911001205444	-20.859079360961914	0.7984588146209717	18.979312896728516	0.7870592474937439	1.589411973953247	-0.4007420241832733
-0.41839879751205444	-20.934457778930664	0.6080291271209717	18.007328033447266	0.6808580756187439	1.451167345046997	-0.4620823562145233
-0.34302037954330444	-21.501779556274414	0.6834075450897217	18.269168853759766	0.7431139349937439	1.669062852859497	-0.4208836257457733
-0.5691556334495544	-21.692209243774414	0.22716975212097168	17.221805572509766	0.7605089545249939	1.589411973953247	-0.3705296218395233
-0.37872594594955444	-22.449960708618164	0.3779265880584717	17.630435943603516	0.7248033881187439	1.510676622390747	-0.4510960280895233
-0.37872594594955444	-23.096628189086914	0.4572722911834717	17.146427154541016	0.9106554388999939	1.550044298171997	-0.4108128249645233
-0.30334752798080444	-23.247385025024414	0.3779265880584717	17.146427154541016	0.7165636420249939	1.500605821609497	-0.4510960280895233
-0.6088284850120544	-23.172006607055664	-0.03863835334777832	16.622745513916016	0.8218492865562439	1.628779649734497	-0.4309544265270233
-0.34302037954330444	-24.231271743774414	0.03674006462097168	15.984012603759766	0.7248033881187439	1.510676622390747	-0.4108128249645233
-0.34302037954330444	-24.231271743774414	0.03674006462097168	15.984012603759766	0.7248033881187439	1.510676622390747	-0.4108128249645233
-0.34302037954330444	-23.965463638305664	0.07641291618347168	16.471988677978516	0.7605089545249939	1.698359727859497	-0.4108128249645233
-0.45410436391830444	-24.231271743774414	-0.07831120491027832	15.757877349853516	0.8136095404624939	1.599482774734497	-0.5023655891418457
-0.34302037954330444	-24.457406997680664	0.07641291618347168	15.571414947509766	0.7165636420249939	1.609553575515747	-0.4208836257457733
-0.37872594594955444	-23.890085220336914	0.03674006462097168	15.309574127197266	0.8218492865562439	1.669062852859497	-0.5527195930480957
-0.5691556334495544	-24.873971939086914	-0.2687408924102783	15.087406158447266	0.7779039740562439	1.658992052078247	-0.4510960280895233
-0.30334752798080444	-24.191598892211914	0.03674006462097168	14.484378814697266	0.8218492865562439	1.579341173171997	-0.4410252273082733
-0.41839879751205444	-24.762887954711914	-0.2687408924102783	14.710514068603516	0.8401598334312439	1.638850450515747	-0.4721531569957733
-0.41839879751205444	-25.064401626586914	-0.07831120491027832	14.297916412353516	0.8401598334312439	1.550044298171997	-0.4410252273082733
-0.49377721548080444	-24.346323013305664	-0.19336247444152832	14.151126861572266	0.8401598334312439	1.688288927078247	-0.4108128249645233
-0.5334500670433044	-24.838266372680664	-0.22906804084777832	13.813907623291016	0.8401598334312439	1.628779649734497	-0.5627903938293457
-0.34302037954330444	-24.798593521118164	-0.07831120491027832	13.924991607666016	0.8841051459312439	1.618708848953247	-0.5325779914855957
-0.41839879751205444	-24.608163833618164	-0.19336247444152832	13.587772369384766	0.8310045599937439	1.638850450515747	-0.5023655891418457
-0.41839879751205444	-24.457406997680664	-0.11798405647277832	13.325931549072266	0.7962145209312439	1.618708848953247	-0.5527195930480957
-0.6088284850120544	-24.532785415649414	-0.3084137439727783	13.361637115478516	0.8483995795249939	1.638850450515747	-0.5225071907043457
-0.34302037954330444	-24.723215103149414	-0.11798405647277832	13.401309967041016	0.8575548529624939	1.599482774734497	-0.5627903938293457
-0.45410436391830444	-24.346323013305664	-0.22906804084777832	12.988712310791016	0.8401598334312439	1.648921251296997	-0.5023655891418457
-0.45410436391830444	-24.270944595336914	-0.19336247444152832	12.988712310791016	0.8575548529624939	1.648921251296997	-0.4309544265270233
-0.30334752798080444	-24.191598892211914	-0.07831120491027832	12.762577056884766	0.8749498724937439	1.628779649734497	-0.5728611946105957
-0.30334752798080444	-24.005136489868164	-0.03863835334777832	12.726871490478516	0.8575548529624939	1.638850450515747	-0.4108128249645233
-0.5334500670433044	-23.929758071899414	-0.3084137439727783	12.877628326416016	0.8575548529624939	1.648921251296997	-0.5627903938293457
-0.45410436391830444	-24.231271743774414	-0.3084137439727783	12.762577056884766	0.8401598334312439	1.618708848953247	-0.4620823562145233
