1.8666167247749463	-0.22563886468870592	0.42986256810106394	-1.8626929602518103	0.09403203118837673	1.6561043640668933	0.707736997971944
1.8666226858628474	-0.22562849547430783	0.4298582463682743	-1.8626913211433636	0.09403203118748502	1.6561043597062428	0.7077304930482345
1.866626200684608	-0.22577168887309462	0.429758328728945	-1.862770312552673	0.09402811795939142	1.656105376952865	0.7077351538092024
1.8665194693969087	-0.2262580762207054	0.4294489395052247	-1.863222436024567	0.09403076345134201	1.6560998837947842	0.7074868616476885
1.8662438103562426	-0.22729639451964992	0.4288562472624089	-1.8641932720961256	0.09424810657297798	1.6561036343567144	0.7065341134202654
1.8659225609258292	-0.2290435602207514	0.4277779920552622	-1.8659694446148514	0.09471291239280848	1.6561108115222232	0.7049131407373268
1.8654852613253334	-0.23175538125766948	0.42613259816702803	-1.868655810895183	0.09545370346599817	1.656131184324284	0.7024737560607479
1.8647910776267012	-0.2355005938256159	0.42385729087525414	-1.8724317667736587	0.09644446834650307	1.6561627816550937	0.6990012185378376
1.8638693010486733	-0.24044494753080511	0.4208292359917126	-1.8772942951696183	0.09774122915214738	1.6562658107782837	0.6946373449028854
1.8626907153590506	-0.2466022978342137	0.4169772860462543	-1.8834602534305236	0.09929883994324458	1.6563239172427873	0.689028060446215
1.8613075201508005	-0.25402401517622786	0.4123243865268336	-1.8909567487194012	0.10111261444336023	1.6563542389507313	0.682110172921762
1.859644478009979	-0.26284238525332304	0.40672067921767857	-1.8996858023529943	0.10320110232568762	1.6563921932592032	0.6739516686705379
1.8577593255964673	-0.27302070325486877	0.40005593014498064	-1.9096767751694752	0.10546924672805114	1.65639636539218	0.6644982756426732
1.8555819890686345	-0.28447973766533774	0.3924254853717233	-1.9211147675310027	0.10779617546594109	1.6563382612750004	0.6536629794058266
1.8533799007215965	-0.2972985622771826	0.3838994403975859	-1.9337105370753542	0.1102141124992436	1.6561161111373575	0.6413515165528627
1.8507938174109095	-0.3113034496497906	0.37425750235598576	-1.9476168212049545	0.1124527305128751	1.6557206649349478	0.6280099363640965
1.847933704885853	-0.3265299222634588	0.3633947026019246	-1.9624535656931001	0.1145288413310798	1.6551801385480671	0.6129483274500743
1.8448874259718364	-0.342737330854265	0.3515965607193449	-1.9784942648935164	0.11623942661542111	1.6543170338760913	0.5966277067291169
1.8415590049107955	-0.3599491262441384	0.3386131474565287	-1.9951769219081417	0.11753963323770558	1.6532928365738793	0.5791892640535523
1.838043965652319	-0.3779673880485688	0.32466754752782634	-2.01265217863947	0.1182138654293465	1.6519474570425068	0.5604475467178001
1.8341539418147135	-0.3966436972557415	0.30957638780620916	-2.030747975214987	0.11833197693066506	1.6502889719575782	0.5405617024734263
1.8299444430613476	-0.4158409834448586	0.2934308652138509	-2.0491322656250213	0.11761782694562245	1.648416806655502	0.5194269074244018
1.8299444430613476	-0.4158409834448586	0.2934308652138509	-2.0491322656250213	0.11761782694562245	1.648416806655502	0.5194269074244018
1.8254411516495503	-0.4353970802147137	0.2762720358815151	-2.0677536286949745	0.11591261216210504	1.646244063977136	0.49727313240082943
1.8204094451694084	-0.45519919945578735	0.25818614586012756	-2.0865305774934098	0.11311047910794833	1.6437015485839332	0.47414150802011024
1.8150808975353423	-0.47498160644627374	0.23924543387943825	-2.1049379653363953	0.10921103026049164	1.6409728176726812	0.45001277082740365
1.809259703140722	-0.49463628408333227	0.21931756239577968	-2.12311773912855	0.10411730354171012	1.6379913996861701	0.4249731085783434
1.8027502610058128	-0.5138932269332668	0.19839893494104463	-2.1407584825198986	0.09766948614889652	1.634738772230535	0.3987781420221898
1.7957308924654716	-0.5326339214817671	0.1766026108692202	-2.1576682119666644	0.09004975787066564	1.6313091529927612	0.37207616838911284
1.788460065727738	-0.5500652706168451	0.15490971193549868	-2.173179374425866	0.08139226656160055	1.627939049798498	0.3452900575561029
1.7804388505371558	-0.5672440395336349	0.1318317426169097	-2.1881585297945727	0.0712351484924213	1.6243564926804497	0.31685161765093695
1.7716801933713808	-0.5833157030864242	0.10774871703164114	-2.2017512745599666	0.05985506415143192	1.6208530717724867	0.2879190273286271
1.7624661667911372	-0.5979440004282262	0.0831821025590329	-2.214159218439865	0.04736853619558563	1.6173600420785716	0.25814427032880416
1.752810683773232	-0.611267211923212	0.05822360253874999	-2.224800990639765	0.03389599848721945	1.614049372356012	0.22803818282222615
1.7426142149984039	-0.6228862926276038	0.03243700625359678	-2.2339368118901795	0.019455071928670003	1.6108460888766545	0.19720086937815426
1.7320756640226096	-0.6327802095429635	0.0062881048136628264	-2.2412260048983024	0.004259400768457093	1.6080518816049638	0.16598237701135743
1.7212177061122662	-0.6408006473143177	-0.02020529820925895	-2.246675141068736	-0.011583937891951553	1.6055839748814686	0.13444946596727678
1.7102709929356807	-0.6467961053396256	-0.04710719314797849	-2.250266039453654	-0.02784637840954478	1.6035474006862362	0.10257464752971773
1.6991554284570507	-0.6507954363513918	-0.0741147083200823	-2.2519446529470466	-0.04440212903382963	1.6019113630228259	0.07062493641375561
1.6881624627544853	-0.6527115471295275	-0.10139214317916351	-2.2517077574697906	-0.0609952215924671	1.6007997221355275	0.03838037582052016
1.6773244941231715	-0.6525243039027684	-0.12867879168984878	-2.249582237378706	-0.07752431522841778	1.6001445307330986	0.006121915940097671
1.6667634970655265	-0.6502766501503143	-0.15599072567579303	-2.245392482035631	-0.09373919473070963	1.5999587552373185	-0.025886575703590108
1.656641035011937	-0.646137708024596	-0.18323255365656388	-2.2392502772828147	-0.1094591900768409	1.6001878099169045	-0.05789536407735098
1.6469835196755263	-0.6399221123640032	-0.21018095386959493	-2.231356813459934	-0.12446456124884045	1.600934077363748	-0.08965027635886336
1.637949982748573	-0.6317824712114659	-0.2370382140670016	-2.221844792136983	-0.138679537329263	1.6021508786802028	-0.12098691781482034
1.6290849610849443	-0.6213083023792089	-0.2650199022089483	-2.2099597432410856	-0.15267555647879608	1.603890406988985	-0.1538878763000435
1.6214609214475157	-0.6099586402040326	-0.29097943780830554	-2.1973306068613	-0.16479075880764696	1.6058227176746322	-0.18427089313835315
1.6144990185048065	-0.5971252801840323	-0.3167151791817447	-2.1832902089363526	-0.17569199528038204	1.6080831579670825	-0.21424666544246557
1.6082673741269442	-0.5831117132716886	-0.34179074149435484	-2.168349244722638	-0.18534949364198686	1.610494085010158	-0.24349484019056333
1.6029439811848185	-0.5679639147304852	-0.366174455083822	-2.1523407015391682	-0.19365529849857052	1.6131493452522228	-0.27224389658470755
1.5982032877397558	-0.551968582952462	-0.3900391531700465	-2.1356823504419804	-0.2006507269031105	1.6157969074864371	-0.3000411556632466
1.5941361936994032	-0.5354014343948499	-0.41333735644823866	-2.118343622558392	-0.2063342304232028	1.6185436525874404	-0.32730210766049045
1.5907844248797995	-0.5183059515931726	-0.4357920908063807	-2.1006289389772084	-0.21062915743652683	1.6212254273679545	-0.3534897361282
1.5879270719162695	-0.5008460975311847	-0.457415460711088	-2.0827572356312323	-0.21373722142585103	1.6238585106749197	-0.37878176094658444
1.5855977444805518	-0.48323295876408134	-0.4781897634725002	-2.064892232037266	-0.21557949539388085	1.626392905732257	-0.40324570138369353
1.5836081146639398	-0.46561643677833253	-0.49816148353273726	-2.0470947104799895	-0.21638309305282125	1.6287894749159377	-0.42666209095151125
1.5821170756247758	-0.4483419217630639	-0.5171034242307955	-2.0296817554670232	-0.21642653371327128	1.6310356549695793	-0.44882581536975474
1.5809415878950994	-0.43138624228516587	-0.5349184792265178	-2.01279740483526	-0.21542307366674018	1.6331151564332513	-0.46986520227325196
1.5798672772657514	-0.41490688813405385	-0.5517952959219141	-1.9964353611976164	-0.21369339180699778	1.6350387933139803	-0.48969190695515735
1.5791132253883815	-0.39916591641206606	-0.5674513674301197	-1.981060199969666	-0.21129119170468702	1.636665056849771	-0.5083049539021708
1.5785606937520584	-0.38419733284474683	-0.5818881470459877	-1.9664979091297603	-0.2084426073515696	1.638141042295724	-0.5255697263463066
1.5779609349434713	-0.3701990790798304	-0.595112409541526	-1.9529469097929304	-0.20524359470479467	1.6394207278395396	-0.5414964032330039
1.5775251363630962	-0.3572840254499844	-0.6071296336902463	-1.940570234337018	-0.20183901955884123	1.640508869788471	-0.5557280270272335
1.577113761537308	-0.3454895106013472	-0.6177637192942279	-1.929367741653371	-0.19844214910572555	1.6414124054111607	-0.5685247085401505
1.5767034517064482	-0.3349246704944552	-0.6272558320527293	-1.9193332635760396	-0.19515060580333762	1.6422153989430786	-0.5801514721214432
1.5763789852408845	-0.3257261316351269	-0.6353275967925939	-1.9106763308556005	-0.19205095375361522	1.642837412470247	-0.5898808681807874
1.5760864317471062	-0.31772564655269553	-0.6422069886474588	-1.9032062224502788	-0.18925286614332193	1.6433155205869672	-0.5984410556438596
1.5757655715319083	-0.31104434750090354	-0.6480249725015557	-1.897080665233548	-0.18686470342516046	1.6437188047923457	-0.6052437605864072
1.575582115521993	-0.30574738851400185	-0.6526082745188784	-1.892062389081219	-0.18481967289913612	1.644021008663856	-0.6109837871675031
1.5754897176075509	-0.3015363502129981	-0.6560603963552768	-1.8880940774332287	-0.18316917686650752	1.6442993537236341	-0.615377780789119
1.575425729176531	-0.2984029683148822	-0.6585974234360421	-1.8853643619242215	-0.18195690022370253	1.6443865984165906	-0.6185438814668144
1.575425729176531	-0.2984029683148822	-0.6585974234360421	-1.8853643619242215	-0.18195690022370253	1.6443865984165906	-0.6185438814668144
1.5753185557372846	-0.2962079005939652	-0.6604326397514627	-1.8833957704400168	-0.1811193245452817	1.6445071829747626	-0.6207312021896458
1.575259813664906	-0.29494450330325855	-0.6615601825233006	-1.8821946667452107	-0.18058131166413532	1.644556839954472	-0.6220641914509807
1.5752301619058153	-0.29432553458220484	-0.6621360932070129	-1.881498952384082	-0.18024939025365358	1.6446007707297807	-0.6227506242040175
1.5752235177273726	-0.2940177011757926	-0.6624017042170983	-1.8811679835868955	-0.18019042988783773	1.6446049771692681	-0.6230513993839584
1.5752186101421743	-0.2939840843858775	-0.6624087969724232	-1.8811482848295666	-0.18017316108104944	1.6446146130278028	-0.6230656998985052
1.5752262048958456	-0.29397871140848125	-0.6623989621263054	-1.881144131772004	-0.18017062930928338	1.6446178701569563	-0.6230622091173399
1.5752184931438493	-0.2939811916233357	-0.6624004262850273	-1.8811430022972522	-0.18017150534548385	1.644619343039499	-0.6230669728901457
1.5752157090295824	-0.2939846843167355	-0.6624080560685567	-1.8811436721472763	-0.180167937978869	1.644620402733485	-0.6230624971422883
1.5752237827968265	-0.29398465796306184	-0.6624060477924572	-1.8811435920874717	-0.18016583164173627	1.6446192837556204	-0.6230692110094759
1.5752184930893414	-0.29398468431658187	-0.6624056297411002	-1.8811416143403745	-0.18016481388277478	1.644620398372834	-0.6230680920316113
1.575210512875868	-0.2939846843167355	-0.6624109561551923	-1.8811439216677275	-0.18016583113537896	1.6446204027155398	-0.6230671437652218
1.5752184927621427	-0.2939818970163265	-0.6624033009539106	-1.8811409358823155	-0.18016583113537896	1.644620402733485	-0.6230739401331978
1.5752209987431243	-0.2939871899705184	-0.662403546371799	-1.881138758281402	-0.18016481388277478	1.6446192837556195	-0.6230739793810579
1.5752156315818033	-0.29398190025697674	-0.6624008456926417	-1.8811468497133945	-0.1801667466627227	1.6446181649392613	-0.6230819139504815
1.5752209987424737	-0.2939818963687298	-0.6624055864894755	-1.8811383520854406	-0.1801677639219496	1.6446170457998912	-0.6230762173181682
1.575220998634108	-0.29398996528172167	-0.662402870693597	-1.881140847578538	-0.1801637509332022	1.6446181647777558	-0.6230728647698504
1.5752199291314268	-0.2939871899705184	-0.6624027696171114	-1.8811383519758273	-0.1801667466627227	1.6446207559461956	-0.623072860403193
1.5752207505129125	-0.2939846843167355	-0.6624025366729561	-1.881140897617177	-0.18016481388270056	1.644620520471055	-0.6230852498492588
1.5752184927622925	-0.29398190025653226	-0.6624056664480581	-1.8811429639113575	-0.180160562084682	1.644621462371688	-0.6230806932482458
1.5752125266816555	-0.29398190025697674	-0.662405629737531	-1.8811380340848853	-0.18016583113330384	1.6446181647777558	-0.6230762159377367
1.5752209632762912	-0.2939844481044024	-0.662403915713092	-1.8811380341207256	-0.18016003514701237	1.6446192837556943	-0.6230806932482454
1.5752237785506502	-0.2939791161970697	-0.6624057537095649	-1.8811408269758256	-0.18016330600698208	1.644620402733485	-0.6230773363146517
1.5752153539234963	-0.2939871899705184	-0.6624061079842551	-1.8811440390657808	-0.18016211277428382	1.6446192881182895	-0.6230841519250446
1.575220918900828	-0.293979116196768	-0.6624005345469525	-1.881141537651519	-0.18016014871560546	1.644623581647873	-0.6230739725333205
1.5752177513413048	-0.29398718118596057	-0.6624011629997805	-1.881140271425264	-0.1801600306102538	1.64461817803938	-0.6230739794358562
1.5752177929725817	-0.29398718997051837	-0.6624007673875039	-1.8811355285396218	-0.18016003077204457	1.6446192767437686	-0.6230728996490499
1.5752182278514115	-0.2939846843167354	-0.6624013723223438	-1.8811408181441456	-0.18016104786263573	1.644621710059579	-0.6230766146467598
1.5752182163938873	-0.29397911619721795	-0.6624053466916865	-1.881140818144146	-0.18016104786270978	1.64461975616174	-0.6230743327552741
1.5752178625588515	-0.29398190025653226	-0.6624062822774429	-1.8811382725068595	-0.18016003061003155	1.6446192852151527	-0.6230866822691089
1.5752163086032087	-0.29398190025697674	-0.6624042258354802	-1.8811408951077846	-0.18015901335742737	1.6446203441195315	-0.6230845831315999
1.5752236941309152	-0.2939871899705184	-0.6624011631057505	-1.8811380605766865	-0.18016104786263573	1.6446194016547788	-0.6230795742704575
1.5752125021650836	-0.2939819002556433	-0.662402883303864	-1.881135519931522	-0.18015901335742737	1.6446219466374605	-0.6230771643249879
1.5752162638100675	-0.2939844481057359	-0.6624059533565291	-1.8811387503212706	-0.18016003061003155	1.6446236339845437	-0.6230707940464567
1.575212490758901	-0.29398189928491497	-0.6624055536252361	-1.8811435622165094	-0.18016104786263573	1.6446227519559784	-0.6230739120934774
1.5752173499164062	-0.2939861080509173	-0.6624007416726455	-1.8811457345110114	-0.18015901335742737	1.644625165270623	-0.6230728741399103
1.5751772505382755	-0.2941979128019106	-0.6623868048552602	-1.8812534514081702	-0.18017221621714505	1.6446258959041964	-0.6230732137795011
1.5749031307592054	-0.29475730915388104	-0.6622941747412969	-1.881733950233626	-0.18046726122836157	1.6446196339916608	-0.6230875088406934
1.5745418426034292	-0.2960789048255271	-0.6620840619183836	-1.8827561077018817	-0.18120593381373895	1.6445867089559667	-0.6230757406827773
1.573976612607138	-0.29840148324174637	-0.6617026234175796	-1.8845561290035173	-0.18244799798558303	1.6443862511354221	-0.6230876383884333
1.5729827049388168	-0.3018464870884539	-0.6611597244255591	-1.8871935732352934	-0.18439605372032142	1.644119000469624	-0.6229545518796781
1.5715320108249533	-0.3066834111645382	-0.660472844461916	-1.8908390973605604	-0.1871059945484393	1.6437293721926898	-0.6227683647621717
1.5696783999625457	-0.31305399721658644	-0.6595177281511079	-1.8956101379530728	-0.19051617865521783	1.6431529427621354	-0.6225165345447301
1.567253937102933	-0.3210413692566446	-0.658236723650442	-1.9015655863090088	-0.19488104763231393	1.642392008733749	-0.6222632541654864
1.564357345007476	-0.3305725843972859	-0.6566674144403939	-1.9087867619677268	-0.2001317660998372	1.641376061631372	-0.6220020443403642
1.5607298770941143	-0.34192917931524686	-0.6548694389222723	-1.9173370403427623	-0.2063546543183148	1.6400541638220179	-0.6218044786248493
1.5563807114360675	-0.35504208826881095	-0.6527750556541234	-1.9270541968037325	-0.2134094844683123	1.6384180427206005	-0.6216863715272644
1.5512880281550538	-0.37004831866092885	-0.6504054738949124	-1.9380264297168397	-0.22140973672058206	1.636387106463471	-0.621669419055491
1.5453118932707672	-0.386815320565968	-0.6477931834771389	-1.9502158011944812	-0.2302136439765811	1.6337887335024928	-0.6217354717403049
1.5384245315271654	-0.4054193003448167	-0.6451321452553109	-1.9633808789981826	-0.23990190436267889	1.6307022805695628	-0.6222066346824991
1.5384245315271654	-0.4054193003448167	-0.6451321452553109	-1.9633808789981826	-0.23990190436267889	1.6307022805695628	-0.6222066346824991
1.5306501053875745	-0.42569663157141957	-0.6421410733942462	-1.977716815244963	-0.2503037222749694	1.626985928034725	-0.6231200793618824
1.522028918209704	-0.44750583242942016	-0.638886677661755	-1.9927713716390538	-0.26143553884610893	1.6226680490980352	-0.6245216480146801
1.5122780949855488	-0.470901191164166	-0.6357389260357995	-2.0087161722271376	-0.27313896203271526	1.6175291643629974	-0.6266306445783885
1.5015334594630474	-0.4958180203444424	-0.6326298145442765	-2.0251294696138222	-0.2854196064338298	1.611536910346793	-0.6294725901940416
1.489789254599903	-0.5219639027509969	-0.6294537139415993	-2.0419947060358083	-0.29811197147913615	1.60474286285183	-0.633202343698896
1.4770842736360124	-0.5494106060156694	-0.6265562061676713	-2.0591933967283693	-0.31123662934406005	1.5969520313291106	-0.6379494484365856
1.4633557393774745	-0.5777458399384172	-0.6238756678038123	-2.076352703708071	-0.3248047849382453	1.5881784199791034	-0.6435947291893654
1.4487677960137872	-0.6070839244265215	-0.6214649141323899	-2.0934122867427387	-0.3385533518101535	1.5785441175854624	-0.6505627421921972
1.4330935027510752	-0.6370647519699553	-0.6196271753560421	-2.1102696539178742	-0.35270789248466916	1.5676297388237088	-0.6589427030163973
1.416979591403152	-0.6678215646974185	-0.6180762279306925	-2.126429711188738	-0.3670616621631123	1.5559717517085567	-0.6684564600896142
1.3995796098503421	-0.6987645976455996	-0.6173905712770651	-2.141983233850179	-0.381698189225183	1.5430825849840297	-0.6796104486780022
1.3819643542684554	-0.729974330607912	-0.6171322925953322	-2.1566783432878314	-0.39652599673580224	1.5292684699384247	-0.6922036236973903
1.3637407570308997	-0.7612884411131242	-0.6175140896160628	-2.1701893849171463	-0.41163868200234105	1.5146568079951381	-0.7062509944509525
1.3447388259119668	-0.7923606176694271	-0.6188990490040231	-2.1825908090917925	-0.42709290092603786	1.4990388880123469	-0.7221932921584615
1.3255883629767493	-0.822979774576171	-0.6211696033054869	-2.1934060007936207	-0.44284478966848473	1.482713960008577	-0.7397414497388605
1.3063176731484782	-0.8532678735600309	-0.6242651571087113	-2.2028918346005932	-0.45886237785512274	1.4656982988963931	-0.7587294998635368
1.28678745327667	-0.8826893615005794	-0.6283602166076986	-2.2105387560758643	-0.4752240056984942	1.4481143999244963	-0.7793393854609931
1.2683118309316228	-0.9094595374178536	-0.6331284058409545	-2.2161362188341602	-0.4911346343291828	1.4312571242339323	-0.8000668119068884
1.247933381715114	-0.9384759542644981	-0.639461885540856	-2.220431907125754	-0.5093691311641437	1.4119898700454865	-0.8248656482864356
1.229063662169669	-0.964703421937022	-0.646333802075896	-2.2226215055759524	-0.5270005756475943	1.3936737545937796	-0.8496910343056815
1.2105563173152054	-0.9895007273580073	-0.6542075317545699	-2.2228562954866105	-0.5450951904755996	1.3753822977587615	-0.876010538588387
1.1925516569790304	-1.0127208336486415	-0.6627951216977297	-2.2211751305819525	-0.5636117951180077	1.3571923513031108	-0.9031643870347784
1.1756459245729853	-1.0344045278658773	-0.672239476424265	-2.217459789806408	-0.5824802573178454	1.3394341581591314	-0.9314560365248344
1.1593729141719205	-1.0545795860892753	-0.6825239199209667	-2.2118047605394042	-0.6016521354274701	1.3220477491177867	-0.9604590466241892
1.1439010140493877	-1.0728902901131459	-0.6933008614112736	-2.204173894265193	-0.6211521858710255	1.3051415520941243	-0.990154423472176
1.1298571466905103	-1.0895990294707014	-0.7046862073526379	-2.1947982541693882	-0.6407911635173622	1.289026989822102	-1.02039807576309
1.1166704063603872	-1.1046056920238758	-0.7165747309371328	-2.1837037194010547	-0.6606314168558013	1.2735847546578698	-1.0509312926295262
1.1048449377933216	-1.1178947106657315	-0.7286691750951079	-2.1711487733898656	-0.6804427072851685	1.2590204707333492	-1.0815841686092647
1.0941535902054174	-1.1297149469724996	-0.7412107925196949	-2.1570752251555114	-0.7001987297211448	1.2452951271145907	-1.1123614173293273
1.0846903413920725	-1.1399269771540368	-0.7537979750424602	-2.1418538702628678	-0.719799943126651	1.232406220618379	-1.1428342330577577
1.0765995428615793	-1.1486530045827796	-0.7665573827875148	-2.125429916547478	-0.7391270770104852	1.2205380396755796	-1.1732397250695727
1.0694265994526426	-1.156061789553432	-0.7792370980280873	-2.1081388956228606	-0.7580548101275	1.2094419436316737	-1.2029152149618858
1.0636856480115742	-1.1622672101167435	-0.7918121853363574	-2.0900058977383313	-0.7765121002580669	1.1993830108040935	-1.2322654026822544
1.0589147149529687	-1.1671457898665134	-0.8043237734022127	-2.0713631063318525	-0.7944808182859507	1.1901310762355963	-1.26063056703273
1.0552846656684962	-1.1711378788832432	-0.8165811886244367	-2.0522757164414585	-0.811766172691976	1.181837296699327	-1.2884750553985833
1.0524507625661366	-1.174191031334757	-0.8284800040581112	-2.0330562152045384	-0.8283462532645974	1.1742209095016956	-1.315130980440205
1.0505943694324573	-1.1765102900961348	-0.8401250239850523	-2.0135668250333167	-0.8441882821644473	1.1674921284112114	-1.3408044645075725
1.0494392309256924	-1.1779546416771443	-0.8512810721060821	-1.9943326049601497	-0.8592028391472152	1.161433166612448	-1.3655535159440466
1.04905774113576	-1.178826007310885	-0.862060880739262	-1.9754691564379065	-0.8733534878365194	1.156042416165714	-1.38887590915247
1.0492376845030762	-1.179282801227164	-0.8722311188311928	-1.9570711687271312	-0.8865611970772301	1.1512790625984406	-1.4109107508435272
1.0498364578733572	-1.179371637817177	-0.8818366369873465	-1.9391859547538413	-0.898879586495721	1.1471181918346984	-1.4315918280721671
1.0509411281905938	-1.1791289602122181	-0.8910556952814471	-1.9220051059518994	-0.9103127554203425	1.143457875382943	-1.4508250671318503
1.0522155865092908	-1.1786658699045829	-0.8994664697167103	-1.9059477740354915	-0.9207513190466657	1.1401979171829193	-1.4687677976235576
1.0538353738720403	-1.1780028188413796	-0.9072653038735358	-1.8907105676648925	-0.9302347480036213	1.1374471488694324	-1.4852054722484416
1.055624762515431	-1.1772764230539325	-0.9145574601698835	-1.8767625301314275	-0.9387992887184324	1.135020655638423	-1.5000051072594325
1.0573166656878636	-1.1763825641703967	-0.920940915955769	-1.8638572802123863	-0.9464497543779185	1.1329975467871432	-1.5132533218618358
1.059048015029804	-1.1754616093568682	-0.9266421149507668	-1.8523103319018421	-0.9532149761173081	1.1312544655168773	-1.5252022121480708
1.0607686394055875	-1.1746404197709852	-0.931784929073121	-1.8419972991177473	-0.9590814674783373	1.1298116541002878	-1.5355412572947698
1.062269215702085	-1.1739357707211977	-0.9363041263758473	-1.8331380323344146	-0.9640755250071489	1.1285501533030904	-1.5444869341930592
1.0636719959902408	-1.1732273851780093	-0.9400001459078631	-1.8254591503189848	-0.9682866584719279	1.127556234269791	-1.55194847830561
1.0636719959902408	-1.1732273851780093	-0.9400001459078631	-1.8254591503189848	-0.9682866584719279	1.127556234269791	-1.55194847830561
1.0648201411510865	-1.172599555287137	-0.9429842947452803	-1.819076806730583	-0.971783000222274	1.1267986455544947	-1.5583470324276603
1.065793837061538	-1.172088008887635	-0.9454985790237345	-1.813987746286115	-0.9745093210307251	1.1261352640505413	-1.5632181613362535
1.0666508818899079	-1.1716554598619409	-0.9474527964085608	-1.810062641609906	-0.9766446447634428	1.12564940513499	-1.566969386937737
1.0672249678098025	-1.1713068438850154	-0.9488845395330001	-1.8071639503791155	-0.9782007380628996	1.1252789689818887	-1.5698107568435706
1.0676313022189459	-1.1710251253523007	-0.9498020078885021	-1.8051905677104603	-0.9792465188210123	1.1250269084563211	-1.571715786422875
1.067987550119119	-1.170929509907605	-0.9503835491824343	-1.80395384877456	-0.9798789313970081	1.1248974482106322	-1.5728991117240956
1.0681664164678553	-1.1709049505458393	-0.9507442393985929	-1.8033346741938225	-0.9802348285882458	1.124855147262967	-1.5734857186583948
1.0681529914466286	-1.1708919271665401	-0.9509468087865082	-1.8030472291269928	-0.9803441903468364	1.124803416161114	-1.573737797299769
1.0681209396320224	-1.1709099722562657	-0.950940968484017	-1.8029725844642719	-0.9803596908542911	1.1248000255469752	-1.5737518041961638
1.0681325358735023	-1.170882388056166	-0.9509140654758723	-1.8029780771406547	-0.9803644592447411	1.1247989639441198	-1.573745849734621
1.0681567779626226	-1.170872839375546	-0.950920028386655	-1.8029891430419773	-0.9803654764980183	1.1248000834064986	-1.573756248052785
1.068146598159221	-1.1708901720901561	-0.950930663617378	-1.802980368656118	-0.9803686995653409	1.1248000829219826	-1.5737483997147694
1.0681356818375591	-1.1708898561029184	-0.9509274284630491	-1.8029838411171182	-0.9803702865941303	1.1248000829219817	-1.5737484006818063
1.068153595614689	-1.1708729219553693	-0.9509219047584242	-1.8029838414685424	-0.9803711802463164	1.1248000829219817	-1.5737651094884988
1.0681535991583975	-1.1708841317996614	-0.950922138749069	-1.8029810580427097	-0.9803703044735721	1.1248000829219817	-1.573748988914269
1.068137016911756	-1.170881347744414	-0.9509246444039164	-1.802981022051174	-0.9803682699682355	1.1247989639441172	-1.573758333195752
1.068151345846171	-1.170876058026364	-0.9509273504605881	-1.8029838414443105	-0.9803712201624215	1.1248000829219817	-1.5737664767029875
1.0681483093358226	-1.1708813476308892	-0.9509274287606408	-1.8029838440607069	-0.9803703044735731	1.1248000829219817	-1.5737625923448597
1.0681423066739215	-1.1708813477399054	-0.9509221387495075	-1.8029824613929661	-0.9803703046350778	1.1248000829219817	-1.573762958627973
1.0681476846778553	-1.1708813477399054	-0.9509221477434003	-1.8029863461115696	-0.9803692886765158	1.1247977139852248	-1.573754110337055
1.068150814989157	-1.170873273966605	-0.9509273504619604	-1.8029810485697757	-0.9803757693806179	1.1248000829219817	-1.5737619026260117
1.0681482826990658	-1.1708788420861225	-0.9509225384835432	-1.8029837615232733	-0.9803738366029606	1.1248000829219817	-1.573763341419671
1.0681452603656332	-1.170884131799664	-0.9509239433923528	-1.8029803410382037	-0.9803739984321798	1.1247989639441172	-1.5737687589359786
1.068150814989157	-1.1708788420861225	-0.9509221387508782	-1.8029802358258433	-0.9803706990556712	1.1248000829219817	-1.5737630608679272
1.0681402355607275	-1.1708760580263637	-0.9509221387495074	-1.8029856317328972	-0.9803749152137115	1.1248000829219817	-1.573774175788208
1.0681483093232556	-1.1708788420861225	-0.9509274284753845	-1.8029859938727777	-0.9803740116995562	1.1247986107311612	-1.5737687981819173
1.0681455252756151	-1.1708813477399054	-0.9509221384285659	-1.8029809425763694	-0.980375071391604	1.124800069834048	-1.5737688766736306
1.068148309335374	-1.1708788420861225	-0.9509221387618446	-1.8029807418446535	-0.9803739378529862	1.124798963943228	-1.5737619288081104
1.068148309335374	-1.1708788420861225	-0.9509220617517955	-1.8029828043666543	-0.9803759883186628	1.124796904007372	-1.5737652610313495
1.068148309335374	-1.170884131799664	-0.9509246444032412	-1.8029788190582905	-0.9803740555865684	1.124798950700331	-1.5737630623214776
1.0681455252756151	-1.170884131799664	-0.9509221387495074	-1.8029786423054404	-0.9803750728451542	1.1247997280939916	-1.573759764727619
1.068148309335374	-1.1708788420861225	-0.950922138749491	-1.8029809529082925	-0.9803740555925501	1.1248000785613308	-1.573769878398442
1.068148309335374	-1.1708813477399054	-0.9509274283151019	-1.8029807150338806	-0.9803782517595423	1.1247957849698875	-1.5737574245931214
1.0681508149851193	-1.1708813477399054	-0.950924644404661	-1.8029815805539753	-0.9803740555925502	1.1248000808044636	-1.573766346833381
1.068150814989157	-1.1708813477399054	-0.9509271684592476	-1.8029807010648862	-0.9803759883724981	1.1248021665846766	-1.5737597053878838
1.068150814989157	-1.1708813477399054	-0.9509274284591032	-1.802982777432053	-0.9803740555925502	1.124797546660174	-1.5737574674321546
1.068148309335374	-1.1708788420861225	-0.9509274255741179	-1.8029756107807378	-0.9803740555925502	1.1247943183377112	-1.573761885475381
1.068150814989157	-1.1708813477399054	-0.9509246444032902	-1.8029806231568863	-0.9803770056251022	1.1247976566828193	-1.5737630824153561
1.0681528871965515	-1.1708845089715318	-0.9509217930202881	-1.80298380860021	-0.9803750742987045	1.1248000829210834	-1.5737653002772065
1.0680720300510647	-1.1710471728240617	-0.9509304151314882	-1.8032255429766038	-0.9804119659013768	1.1248148780321405	-1.5737617542985765
1.0677540901660922	-1.171427384445026	-0.951202969504301	-1.8040137481443308	-0.9806821145386309	1.1251332571698724	-1.5737628690422585
1.0672916578076248	-1.1724324957722325	-0.9515731303584765	-1.8057117239767158	-0.9811187260420785	1.1259549814705696	-1.573462560220971
1.066462669710942	-1.1740710967204628	-0.9522331725728345	-1.8085910552821713	-0.981943592686628	1.1272966388914383	-1.5728688938124225
1.065156008872684	-1.1764215869882886	-0.9532353573534593	-1.8126809651031472	-0.9831575071352853	1.1292881109183068	-1.571980656837695
1.0633889950383681	-1.179643866268806	-0.9546661023980886	-1.818320020170526	-0.9848360714628376	1.1319648810149716	-1.570786996114539
1.061122379821967	-1.1837582295372753	-0.9565842228748699	-1.825413419283082	-0.9870082003556181	1.1353868830755314	-1.5692801069370172
1.058442045933028	-1.188854621300587	-0.9588969630676438	-1.8342326585015223	-0.9896690883583399	1.139619739958142	-1.5674516276157584
1.0555650695606302	-1.1941684137256587	-0.9615422667723637	-1.843474628415059	-0.9926368810037249	1.1441963694711539	-1.5655477758590346
1.0517226324032674	-1.2013970468493775	-0.9651771023252459	-1.8557579502149182	-0.9966287986579982	1.150247117980838	-1.5630218951513515
1.0474708750217003	-1.209046952688447	-0.969321815696486	-1.8688479277681131	-1.0010396049800014	1.1567588567609859	-1.560322945408578
1.0429939865564153	-1.2174047035413038	-0.9739245703489078	-1.883199339500625	-1.0061374030033767	1.1640560252214527	-1.557379328456063
1.0381257257672276	-1.2264842786782155	-0.9793678773293409	-1.8988492661752567	-1.011824704811717	1.1718667917091066	-1.5542067922020764
1.0381257257672276	-1.2264842786782155	-0.9793678773293409	-1.8988492661752567	-1.011824704811717	1.1718667917091066	-1.5542067922020764
1.0329150027115799	-1.2361814828780373	-0.9855941509876943	-1.9152812701620396	-1.0181618741051222	1.1804037669971605	-1.5509442686218649
1.0274783937754077	-1.246319419055632	-0.9924116704855028	-1.9326042577263967	-1.0251850318729685	1.1895098920301765	-1.547644257013681
1.0216457934322987	-1.2568663438352097	-0.9997916832629771	-1.9505900047310027	-1.0327969885066826	1.1990438006930766	-1.5443212762126814
1.0156575711373355	-1.2676858786005933	-1.0080549891492554	-1.9686863134734887	-1.0410635239957033	1.2090046938414367	-1.5409700721562996
1.0097710994605575	-1.2787458551905697	-1.0170692318565329	-1.9873033615467257	-1.0499130989233043	1.2192564271683415	-1.5375684490062997
1.0037594395568654	-1.2898165228159535	-1.0266733288613148	-2.0060552060233183	-1.059224056979037	1.2297149448882234	-1.534227604548134
0.9977360696380564	-1.3006081871041624	-1.0365606956854039	-2.0244734368619492	-1.0690445063519796	1.2404258758794733	-1.5310351348318354
0.9916494944736507	-1.3116031011381908	-1.0472576384510195	-2.042535880653383	-1.0793134472881203	1.25111108489166	-1.527975774305429
0.9857859410474603	-1.3219842076934893	-1.0580340619407809	-2.0596357404972596	-1.089529551241563	1.2614718289966396	-1.5252007977102964
0.9801158773401666	-1.3322684420003972	-1.0694050485550264	-2.076779542657698	-1.1002859809963192	1.2720457329148893	-1.5224868618714837
0.9746641771181472	-1.3421266315026397	-1.0809924114033183	-2.093095494993527	-1.1112901164471842	1.2825166667804813	-1.5199333926503502
0.9692458277280034	-1.3515167597958417	-1.0925428299085083	-2.1088280253578633	-1.1221415695317465	1.2926111440917372	-1.5174811559097923
0.9641276518216627	-1.3605665615367972	-1.1042397702397229	-2.1231982458763765	-1.1330790942722884	1.3024824049302786	-1.5152425943971235
0.959517346727796	-1.3684694734851404	-1.115152519020995	-2.136043509423957	-1.1431605438610322	1.3112439801869014	-1.5133663799847572
0.9550887834234314	-1.3765062334663682	-1.1267191088703985	-2.1491673821883275	-1.1538423007694443	1.3204734440640515	-1.5114966085893364
0.9509852408455012	-1.383605430569365	-1.1374650243839906	-2.1607831044215353	-1.1638433262223755	1.3288207657257718	-1.5098500884100374
0.9471808884597445	-1.3901663301680864	-1.1477907488707033	-2.1711191119148987	-1.173268990030708	1.336647138643012	-1.5083734714131019
0.9437183612604074	-1.396145899317863	-1.1575026662382537	-2.180423811628507	-1.182122558757569	1.3438145853800527	-1.5071003662484792
0.9407241223962672	-1.401317624440921	-1.1662328645400704	-2.1888353314032813	-1.1902832071249438	1.3503257734271832	-1.5059389046118634
0.9382176872691723	-1.405684885768435	-1.1740231004017216	-2.1955681642354303	-1.1972357782193068	1.355762343869055	-1.5050497883034444
0.9357059463379102	-1.410174513254417	-1.1818060608475782	-2.2024361035165567	-1.2043358911089106	1.361339670145382	-1.5041147869743183
0.9338165177103107	-1.4133556586356342	-1.187887592656081	-2.2076408254469584	-1.2099563834393163	1.3656640853579922	-1.5034435870413527
0.9322288621547224	-1.4161191200770977	-1.1931765485960382	-2.211999177685366	-1.214708446562354	1.3692806066920675	-1.502863049100693
0.9309127125938378	-1.4183805419978728	-1.197469882636464	-2.215368145569057	-1.2185173842157462	1.3721759392712243	-1.502425408259222
0.9298716145203172	-1.4201164897293004	-1.2007215387460068	-2.217926461355255	-1.2215672104797017	1.3744727786427384	-1.502050123588215
0.9291648391731947	-1.421381995205661	-1.2031140005342218	-2.2198457420536486	-1.2237285088815475	1.3761217477629106	-1.5018031506557972
0.9287276537418864	-1.4222349517103166	-1.2048120841558732	-2.221186850983457	-1.2252334976327541	1.3772448007253228	-1.5016321879450258
0.9284094302960941	-1.4227250686435327	-1.2057972700256407	-2.2219729882529573	-1.2261259296195848	1.3779048812507082	-1.5015610100187813
0.9282034761625935	-1.4230300725128997	-1.2062471051995758	-2.222346666786754	-1.2265557894863703	1.3782561661097334	-1.5015129557665061
0.9281714351428926	-1.423125416454789	-1.2064779551838245	-2.2224383876737703	-1.2266739692303497	1.3783249220866682	-1.5015055185337145
0.9282411093216876	-1.4231197006597747	-1.2065100471271348	-2.2224452740164105	-1.226685153778268	1.3783292977809907	-1.5015026772773294
0.9282146024237684	-1.423121396762336	-1.2064905529455496	-2.2224532614342976	-1.2266884524507653	1.3783283009951428	-1.5014944920975533
0.9282103690222689	-1.423119666047633	-1.2064935842108773	-2.2224487987304267	-1.2266905293414259	1.3783329203633288	-1.5015046825972114
0.9282188177819836	-1.4231196917149058	-1.2064990881231639	-2.222456866072542	-1.2266938228717426	1.3783340462800096	-1.5014895038693734
0.9282135280684418	-1.4231138082486599	-1.2064778188722252	-2.222458909685712	-1.2266927858098085	1.3783341853618623	-1.5015068431176515
0.9282188177819347	-1.423116904772274	-1.206496862772617	-2.222454279076316	-1.2266932208017356	1.3783330663839977	-1.5014890387656588
0.9282188177819836	-1.4231196151500587	-1.206493584210929	-2.222459651432403	-1.2266942380749517	1.3783341853618623	-1.5014885640280842
0.9282157993817921	-1.4231172933379905	-1.2064905529023766	-2.222457556359211	-1.2266952553275559	1.3783353043397268	-1.5014942556358712
0.9282160337222085	-1.423119666170106	-1.2064935842150815	-2.222459651546096	-1.2266952538740057	1.3783320491314015	-1.5014918912206296
0.9282135251794944	-1.4231140379229132	-1.2064933369619804	-2.2224569349621275	-1.2266952553275559	1.3783330664378328	-1.5014850729366562
0.9282135161864394	-1.4231169248509243	-1.2064986266755222	-2.222456867800651	-1.2266952596882066	1.3783341853618623	-1.5014894916249644
0.9282159206259143	-1.423119425267479	-1.2064933373011937	-2.2224596433342114	-1.2266961752335939	1.3783341853625268	-1.501482676106367
0.9282153219235151	-1.4231161055130115	-1.2064933369996649	-2.22245965442705	-1.2266993498432832	1.3783332265250405	-1.5014772591623993
0.9282111097120522	-1.4231176254044224	-1.20649280561858	-2.2224568929829607	-1.2266956652527503	1.3783353043457167	-1.5014837862890793
0.9282138367021991	-1.423119354438534	-1.2064880472526258	-2.222457862369495	-1.2266998908796283	1.3783375820259363	-1.5014859937182232
0.9282157727539089	-1.4231122985431193	-1.20649336443408	-2.2224603690096507	-1.2266988024826604	1.3783356970136587	-1.5014894778790338
0.928211341131681	-1.4231194338062174	-1.2064933369619804	-2.2224586865330487	-1.2267009329094902	1.3783342251642385	-1.5014858753100648
0.9282132030689773	-1.42311966326137	-1.2064905803743213	-2.222457347752034	-1.2266975499871924	1.3783368879228017	-1.5014872100604877
0.9282139160273939	-1.423119123438424	-1.206493337979517	-2.222454594399839	-1.2267007691611016	1.3783363685565815	-1.5014814004209809
0.9282131359640227	-1.4231168982057725	-1.2064880472484387	-2.2224569028092294	-1.2266977544972277	1.3783396043502474	-1.5014851935682154
0.9282124878927618	-1.423120027983523	-1.2064933369619804	-2.222459175069108	-1.2267000236984729	1.378337735656046	-1.501490610602161
0.9282124878927618	-1.423120027983523	-1.2064933369619804	-2.222459175069108	-1.2267000236984729	1.378337735656046	-1.501490610602161
0.9282160322830938	-1.4231218874543359	-1.2064880472447168	-2.2224550888613575	-1.226700023693156	1.3783389144873375	-1.501480480413355
0.9282156616247418	-1.4231159807971043	-1.2064905529008756	-2.2224592696241925	-1.2266990064465337	1.3783400334472518	-1.5014801592011133
0.9282132140059765	-1.423119579790239	-1.2064905529399064	-2.2224599956089914	-1.226697989193927	1.3783357704563788	-1.5014790658846557
0.9282096909974181	-1.4231148129770896	-1.2064880473614945	-2.222462436318753	-1.2266990064465337	1.378338835349848	-1.5014801456886653
0.9282125887954487	-1.4231141454914684	-1.2064927873122213	-2.2224599640910228	-1.2267009392264816	1.378337834755358	-1.501479026638799
0.9282135767987976	-1.4231159883515312	-1.2064880747205384	-2.222457892128326	-1.2267010599074908	1.3783385598190863	-1.501481264596522
0.928212875674842	-1.4231168977749085	-1.2064905529022216	-2.22245996661106	-1.2267000236991379	1.3783378342703945	-1.5014745507212122
0.9282104066153665	-1.4231173097147998	-1.2064933369615316	-2.222457461273461	-1.2267009407163705	1.378338953733436	-1.501482364616644
0.9282149807068338	-1.42311685067683	-1.2064933461207425	-2.222457231650196	-1.2267009392264816	1.3783389537334443	-1.5014801784654537
0.9282158927392309	-1.423116869756367	-1.2064880472861232	-2.2224599659785427	-1.2267032820863855	1.3783389537333675	-1.5014858015014803
0.9282075878633299	-1.4231148402949527	-1.206491268157959	-2.222456772497013	-1.2267009392264816	1.3783400727112842	-1.5014812776703492
0.9282128747117178	-1.4231123353415145	-1.2064905529022216	-2.2224627509869546	-1.2267000371081391	1.3783389535719386	-1.501476788683067
0.9282106925825543	-1.4231168222154789	-1.206492704122542	-2.2224627509870025	-1.2266990064465337	1.3783386005207345	-1.501488039959973
0.9282128747989062	-1.4231168707604895	-1.2064905529022387	-2.2224567668116415	-1.2267000236991379	1.3783389537334434	-1.5014812238708954
0.9282104480933889	-1.4231194336251554	-1.2064852366977785	-2.2224599669142835	-1.2266979891939296	1.3783389537334443	-1.5014801321518005
0.9282104470234108	-1.423114727515959	-1.206488047248438	-2.222457461242356	-1.2267000281688047	1.3783411916891735	-1.5014800247700861
0.9282106030256891	-1.4231193615757527	-1.2064905529022216	-2.222454955619632	-1.2267009392264816	1.3783368175029755	-1.501484676901204
0.9282075849625102	-1.423114607572886	-1.2064880473614925	-2.2224599669272385	-1.226700144380147	1.3783400727113089	-1.5014757675158035
0.928212875639094	-1.423119002003946	-1.2064905529022216	-2.2224553184380222	-1.2266990064526648	1.378338953733436	-1.5014743004900812
0.9282128746762148	-1.4231220912346707	-1.2064905529022216	-2.2224627509882984	-1.2267043682154681	1.3783389537334443	-1.5014767752740312
0.9282103950583147	-1.4231113905829704	-1.2064905264112682	-2.222462751196959	-1.226701956479086	1.3783389537334443	-1.5014858422107844
0.9282128775649829	-1.4231166780275724	-1.2064933366349315	-2.2224599669311798	-1.2267052163746415	1.3783389537334443	-1.5014880801787254
0.9282158927392309	-1.423114148395553	-1.2064880472484387	-2.2224631900314975	-1.2267003902118332	1.3783378347555797	-1.501483584888542
0.9282103690224646	-1.4231189656786205	-1.20648804692139	-2.2224626829608507	-1.2267023904810956	1.3783389537334443	-1.501482310753532
0.9282128775649829	-1.4231148409369763	-1.2064880747205384	-2.222462750986618	-1.2267014219505268	1.3783378347555797	-1.501476286086804
0.9282103690222689	-1.4231166013853895	-1.2064878088285136	-2.2224572317901727	-1.2267009526354826	1.3783378347555797	-1.5014800994280355
0.9282156674144926	-1.423114151634208	-1.2064906353185205	-2.222462774607194	-1.226702025852198	1.3783367751173763	-1.5014767866144647
0.9282103690222695	-1.4231161420442784	-1.2064905529022216	-2.2224599672408676	-1.2267000251910996	1.3783389537334443	-1.5014744607409984
0.9282128775649829	-1.4231187729402015	-1.2064880472484387	-2.2224549565644875	-1.2267009526355834	1.3783389537334443	-1.5014741263165126
0.9282128833428615	-1.423116831020604	-1.2064905529022216	-2.222460652857749	-1.2266991315972884	1.3783378347555797	-1.5014847225911834
0.9282076629636503	-1.4231168731858659	-1.2064879677755789	-2.2224627500309624	-1.226704202084313	1.3783389537334443	-1.5014788091684461
0.9282103690222689	-1.4231168736419264	-1.2064933369619804	-2.2224648172813546	-1.2267000387658449	1.3783378347555797	-1.5014741397476907
0.928210447023409	-1.4231196832099082	-1.2064852630796636	-2.222459991491811	-1.226699374970272	1.3783400727113089	-1.5014814110022816
0.9282156587358107	-1.4231145862121262	-1.2064880472484387	-2.222457461273461	-1.2267034491810644	1.3783389537334443	-1.5014729068036639
0.9282128746760518	-1.4231166985486796	-1.2064852546975238	-2.2224627509870025	-1.2267012722874349	1.3783389537334443	-1.501481138701973
0.9282128746760518	-1.4231138347076155	-1.2064933369256414	-2.222459890396528	-1.2266991321490206	1.3783389537334443	-1.5014767864754948
0.9282075849625102	-1.423118772889462	-1.2064905529064014	-2.2224630060863646	-1.2267033510242522	1.3783400727113089	-1.5014746413988245
0.9282103690222689	-1.423113811065088	-1.206488047248438	-2.222459967032367	-1.2266993686762344	1.3783389537334443	-1.5014777615565584
0.9282103699852948	-1.423114831476621	-1.206493337301142	-2.2224627509857062	-1.226701060486177	1.3783389537334443	-1.501471941550691
0.9282128746760518	-1.4231194362889334	-1.2064911911907308	-2.222462750999963	-1.2267013064043777	1.3783400727113089	-1.501479837180872
0.9282128746760518	-1.423116805249985	-1.20648526318868	-2.2224572316852	-1.2267042513137834	1.3783389537334443	-1.501475419005453
0.9282103690224157	-1.423113601433903	-1.206490552902205	-2.22246065569073	-1.2267056652164923	1.3783389406514919	-1.5014820797595072
0.9282103690222743	-1.4231168959893987	-1.2064905764497373	-2.2224599764103132	-1.2267028013594452	1.3783400727113089	-1.5014789857240765
0.9282103690222689	-1.4231193371034936	-1.206493334018541	-2.2224621097510164	-1.2267032840729155	1.3783389537334443	-1.5014735615974144
0.9282128747830493	-1.4231196063666538	-1.2064905529022216	-2.222460043457096	-1.2267043687864336	1.3783400727113089	-1.501474166475132
0.9282128746760518	-1.4231141465766792	-1.2064905620582422	-2.22246275959525	-1.2267047903781878	1.3783400727113089	-1.501485387144107
0.9282128746760518	-1.4231166681872225	-1.206488406808426	-2.2224581509835004	-1.2267024592951936	1.3783400727113089	-1.5014722906298206
0.9282103690222689	-1.42311415259428	-1.206490552890059	-2.2224599669622385	-1.2267056321179122	1.3783400727113089	-1.5014846412750713
0.9282156587358107	-1.4231142999582487	-1.2064905529022216	-2.2224606556903153	-1.226704776464142	1.3783389551869945	-1.5014832938473326
0.9282103690222689	-1.423114736381584	-1.2064933369256472	-2.2224573933536003	-1.2267005213863302	1.3783389537334443	-1.501482113855344
0.9282128746760518	-1.4231166766615362	-1.2064880472498345	-2.2224599933818583	-1.2267034221573985	1.3783400727113089	-1.5014842264466326
0.9282128746760518	-1.4231166766615362	-1.2064880472498345	-2.2224599933818583	-1.2267034221573985	1.3783400727113089	-1.5014842264466326
0.9282128746760518	-1.4231186624681391	-1.2064875792415983	-2.222459966938908	-1.2267034721671848	1.3783389537334443	-1.5014842195204532
0.9282128746760518	-1.4231123346402306	-1.2064905440719036	-2.2224600434568083	-1.2267064415662492	1.3783389537334443	-1.5014796761817617
0.9282075849625102	-1.4231168817202415	-1.2064880472484387	-2.2224574877280756	-1.2267058267501278	1.3783400133715735	-1.501474259738945
0.9282128746760518	-1.4231143761709553	-1.206490552902205	-2.2224627509870505	-1.226701235668429	1.3783411916891735	-1.5014833148324107
0.9282103690222689	-1.4231145096283269	-1.2064852631886782	-2.222465257585588	-1.2267038938556298	1.3783389537334443	-1.5014763904226573
0.9282075849625102	-1.4231176244596175	-1.2064880472484387	-2.2224599672421794	-1.226705826782816	1.3783389537334443	-1.5014831999823315
0.9282103690222689	-1.4231190025184892	-1.2064880472121007	-2.2224627519013294	-1.226704905320374	1.3783389537334443	-1.5014752580355704
0.9282128746760518	-1.4231221888608911	-1.2064852631846368	-2.2224648172813546	-1.2267057056297141	1.3783378347555797	-1.5014741524669282
0.9282128746760518	-1.4231189773002948	-1.2064905529022214	-2.2224595615847775	-1.226705825255916	1.3783389537334443	-1.5014820736222583
0.9282103690222689	-1.4231193855853492	-1.2064880472484445	-2.2224549555146993	-1.2267038940089356	1.3783400727113089	-1.5014798758995136
0.9282103690223178	-1.4231191097332185	-1.2064905529022216	-2.2224627506370753	-1.226699549511075	1.3783389537334443	-1.5014831926674168
0.9282103690222689	-1.4231169276807394	-1.2064926227237276	-2.2224574612850767	-1.226705826800507	1.3783389537334443	-1.501489807926946
0.9282128746760518	-1.423112326852324	-1.2064880471394224	-2.2224599933819063	-1.226705786579666	1.3783378347555797	-1.5014730200800628
0.9282128746760518	-1.423112258757469	-1.2064873319805884	-2.2224627509871464	-1.2267049112800055	1.3783400727113089	-1.5014709600877103
0.9282103690222689	-1.423114071924468	-1.2064955622020577	-2.222462980890215	-1.2267048978709298	1.3783389537513893	-1.5014730200800654
0.9282128746760518	-1.4231116466111096	-1.2064933369619304	-2.222456545758775	-1.226704911114458	1.3783400727113089	-1.5014775977167898
0.9282128746760518	-1.4231094496067296	-1.206490552902072	-2.222456772508663	-1.2267049068103424	1.3783400727172905	-1.501482435671046
