-0.0018603190337339911	-0.0007192127519396122	0.00033585997544084033	0.0009906553339800834	-0.00020566617323658195	-0.0001809778417098293	-0.0009239760276024726
0.0035871999808316456	0.0003267152943887408	0.00042093910886523665	0.007864921557932855	-0.0003279169989805692	-0.0003176694801223843	0.0003323202078519035
0.00126603795583779	-0.006078699006156675	-0.009262450981207267	-0.008667354803220123	0.0005834711207583426	0.0008796365318264752	0.0004733283241489827
-0.009257839871977184	-0.014308005688042625	-0.01359839271587257	-0.017381048010767557	-0.0010851362797530742	-0.0005550708129564962	-0.018362560736401815
-0.010113980387756917	-0.04025247412320407	-0.027374782944561624	-0.04352970070825358	0.006725892413829248	-0.0008423052100204773	-0.032724815049695474
-0.008281400837323474	-0.06081629279135343	-0.04055293091200828	-0.06251257332187223	0.02040820763839223	-0.0003952526038646695	-0.05794507951942447
-0.016808688882674155	-0.08856318410959749	-0.057503426783804684	-0.09440420044061655	0.031179810837456804	0.00046228924817299377	-0.08755861924085068
-0.02548985548149365	-0.12411769728185056	-0.07634393448334947	-0.12198955343034708	0.03292834041148772	0.0037771985018523386	-0.11450354005705428
-0.03084403266501285	-0.16125983249834527	-0.1001644120483202	-0.15224673132242988	0.038031485596088946	0.002525141561373183	-0.14485943235253268
-0.03198959903284588	-0.19241482070375443	-0.12432018146179925	-0.19645240033131794	0.04570394373856935	0.00031385204186361207	-0.18137613070915665
-0.04797997076890736	-0.24007085643426718	-0.14803456207309387	-0.2319128620706723	0.055417469592573584	0.001383366195505962	-0.2199231949402304
-0.05320608955845008	-0.28332989323643293	-0.17894796290565762	-0.2774462315776142	0.060587224828565676	-0.0002750616073926615	-0.2495993919145981
-0.05839103659475078	-0.31645214964388907	-0.21153956580083333	-0.31291989038674556	0.06349344927166643	-0.0009016344019615749	-0.2995716384158525
-0.06480420582288332	-0.3483107402811893	-0.23877260050399865	-0.3453252199152987	0.07339383609741275	-0.007934469351746389	-0.317726164062718
-0.0641651778113623	-0.3961123216589873	-0.2607684633662146	-0.3836979434611558	0.06875116863128568	-0.007243030247579122	-0.38477766315711914
-0.08428423518580871	-0.41791677145695316	-0.2992016758847207	-0.41447132526099206	0.06323133836606312	-0.015348353339365661	-0.4112432259434236
-0.08421076554444333	-0.4541571142169303	-0.3258166422182311	-0.4516130477932579	0.060498374444491354	-0.011911346543994365	-0.4396985950928764
-0.08954752774742324	-0.4880462204993722	-0.3651666840627755	-0.4818126349641464	0.043780795056884626	-0.02316336788831582	-0.49709107742664205
-0.10205155996396055	-0.5149017435928384	-0.38538851828316284	-0.5051926662203834	0.026365647608733313	-0.029483623080295594	-0.5472146058812561
-0.10745499804524399	-0.531845345184406	-0.4116975703922781	-0.5160850567846832	0.008665418981065369	-0.034688526179771924	-0.5816176262564534
-0.11693489382975154	-0.5577699775536991	-0.44087682982117726	-0.5362786470778219	0.0015466783689286451	-0.04897659707741083	-0.6324880068006186
-0.12951821575375605	-0.5707203345792602	-0.48562315026611363	-0.5564240159801269	-0.036768444127581415	-0.06110138468292002	-0.6549621754955959
-0.12951821575375605	-0.5707203345792602	-0.48562315026611363	-0.5564240159801269	-0.036768444127581415	-0.06110138468292002	-0.6549621754955959
-0.13619968871363536	-0.5730914664028394	-0.5026442557929713	-0.5359953135888069	-0.06686006121621663	-0.06233560636568361	-0.673399342961286
-0.15392988565532414	-0.5796219525266909	-0.5413748585361976	-0.5383937080382559	-0.09261774224708874	-0.07742770337643123	-0.6775482588811066
-0.17087421633635913	-0.5810181454347219	-0.5595885787103737	-0.5388186575042742	-0.12923579139313449	-0.09198757475367034	-0.7083245402240493
-0.18450023979477476	-0.5719373842806642	-0.5911571189845384	-0.5212010917112879	-0.1617650690475029	-0.09204909026383903	-0.7387377655935043
-0.19132371989361566	-0.5580641405493161	-0.6075642426003097	-0.507835190948659	-0.1962372076458601	-0.09936871102868396	-0.7818317124482419
-0.20881483026597375	-0.5421379193743234	-0.6348804300808477	-0.4904255977253842	-0.2320437560858678	-0.10481557949427013	-0.7819073186958844
-0.22789460762762653	-0.5194727381485782	-0.6613463133638692	-0.4522104350746927	-0.2696164093217544	-0.1071907476892011	-0.8278041083196644
-0.2571603753286771	-0.4925269068219152	-0.6966604459909599	-0.41638314102219787	-0.31261444270808875	-0.09809576152726744	-0.8235604385162246
-0.2643128769202886	-0.46993938978988714	-0.7168051767206963	-0.39015657651434904	-0.34865095892988535	-0.10326296263817383	-0.8527886584919867
-0.28512817524398304	-0.4172829678900077	-0.7282878662896679	-0.3492611709470877	-0.37980604728266604	-0.10253325839814852	-0.8791768099114714
-0.29662981439211866	-0.36301620744942037	-0.749252812114594	-0.29096795147670085	-0.4098464736363709	-0.09640024937708683	-0.8975602697581542
-0.30761358319383514	-0.32043878826260097	-0.7710547190486746	-0.24831342593140115	-0.4331093315447584	-0.08937859538841579	-0.8900607983308767
-0.3164175937224552	-0.26154421231411346	-0.7760183156011989	-0.19059355602547867	-0.4553072825206567	-0.07507697633106956	-0.9407773684604611
-0.3194486442590278	-0.21440382365503144	-0.7846494616272096	-0.14141390425707437	-0.46617149144867376	-0.07570762993981998	-0.9384726314471633
-0.3276865952981927	-0.14942135053216007	-0.8002877367620478	-0.0806103433561216	-0.4756957660259862	-0.05130203757795553	-0.9743818138229823
-0.3245293770838462	-0.09087280545865384	-0.8071627879394386	-0.018779192155681187	-0.4969377851580793	-0.040504825223479715	-0.9438007686068758
-0.3227995949436257	-0.03141477824344402	-0.7845242036363824	0.019472206070412966	-0.47688030663184594	-0.029043098507426927	-0.9399657055040181
-0.3190038641098641	0.031983463600936166	-0.8130273979807187	0.09263922860207525	-0.48304986008067785	-0.0145631151139938	-0.947850096199846
-0.3037873188723593	0.09514653478280782	-0.8088257984477254	0.15213991118548068	-0.4704271958151528	0.009383871075664074	-0.9371844949018131
-0.29382598138567567	0.14879505823764871	-0.7983539669985747	0.20061842027874843	-0.4559906508186545	0.008867117973956616	-0.9244821394281638
-0.2742695167837797	0.20667451481124982	-0.7944688162548016	0.2512847674674525	-0.42008077955694717	0.028197300263321422	-0.9428250581676911
-0.25870399262131627	0.26152314472299765	-0.7877532179220521	0.29665119347399066	-0.4094864932918227	0.03508722002228329	-0.909389036349732
-0.23536582539070147	0.30648048669225886	-0.7643790361882853	0.3536067738231855	-0.36896119894239443	0.05341680980318253	-0.902579106658879
-0.2154392672866993	0.34606323902888386	-0.7677082511106721	0.38336954898145426	-0.3420740563982958	0.060373232984777106	-0.892485467100896
-0.19349698851246652	0.3903975671788994	-0.7484166328250103	0.42305402567122635	-0.3053727207293931	0.07019299043584439	-0.8567261827236978
-0.17554739934563438	0.43138243892597966	-0.7280446162482089	0.4525008555658884	-0.26440907224852406	0.075812996892389	-0.8408170458374323
-0.15260280640511753	0.4561920445275573	-0.7151559062832155	0.4721926117648979	-0.22711061983453334	0.07507917565759467	-0.8182339981069534
-0.13951737959183444	0.4773961375335274	-0.7039771223018779	0.5007911912765961	-0.1866719375541358	0.07633997186990757	-0.8157903176060161
-0.12179520481506169	0.494153118755375	-0.6789333712071087	0.5205918509420498	-0.1516118992480403	0.07941483740822769	-0.8058548426516807
-0.09151359229530065	0.50588489017183	-0.652476551663725	0.5251966767868114	-0.1118655056865661	0.07975492111506578	-0.7554238232851327
-0.07500265944555212	0.521788047982862	-0.6206440566599373	0.529941022208375	-0.06777436283076853	0.08535573729969889	-0.7341606264239484
-0.061731343661452734	0.5142312781536286	-0.5944692636721315	0.5187756134099832	-0.03956565576302194	0.07088582647127854	-0.7205821979651245
-0.05023368870440849	0.5107081373734972	-0.5754541937426727	0.5105552792503727	-0.00914503616429733	0.06080455644342053	-0.6863622033671639
-0.051959997902445515	0.5178785024653695	-0.5501163059389194	0.5222483140214735	0.0032548351454701812	0.06419255779300559	-0.6177695960521646
-0.024774570250517887	0.4906314076355875	-0.512706456434354	0.4928252912624315	0.0489075475751572	0.05546413937869238	-0.5855897500302157
-0.017816035834519087	0.46425628470802327	-0.4778123880232199	0.4716462604696729	0.060113864593171744	0.05211117889326916	-0.5529503562999732
-0.02831654954631405	0.45269571355537247	-0.4434831326228874	0.444691735709655	0.07235066007476207	0.05137056459949577	-0.5056820494879855
-0.012792181719373814	0.4140754738208171	-0.4091389618639374	0.4106648456278584	0.08103480692492449	0.0331651796667378	-0.47299831665623726
-0.017400589124363004	0.3945005381022167	-0.3756210115842566	0.38672352504746915	0.09823128166484665	0.03640035818185959	-0.44795843682934966
-0.01484676147665278	0.365419785071906	-0.33522493361498795	0.34756961308133283	0.10009761397113053	0.028760765558415127	-0.4118829229109851
-0.008216525685118267	0.3270812408599347	-0.2908198441934262	0.3184880692755274	0.1065994828411536	0.027973927271640282	-0.3524208650800512
-0.011955817507341017	0.2922678209720729	-0.2631045888211252	0.2722427246983643	0.08969605071064238	0.01648330693883866	-0.3150559751988436
-0.009014915996131714	0.2543411962935761	-0.21751893332810487	0.24684233245565373	0.0884734051801093	0.02705473744582332	-0.289423127330026
-0.005888113913871196	0.2236534598954278	-0.18778005657242347	0.20572848728681079	0.07823443736704833	0.0146312824096623	-0.23906026478928463
-0.011457681504459362	0.18189364136692837	-0.16356456091113106	0.1727631076929143	0.0678104431741187	0.0016553434001985523	-0.17889322555165496
-0.0005921940482642584	0.14055704865029267	-0.11822062451544771	0.13861549788326305	0.05184724690940245	0.007620024987159724	-0.15768954743099897
-0.0022698474463540754	0.10871977844142063	-0.08741481976801432	0.10117044798541333	0.039082765446372056	0.008315598168077127	-0.11067988697731085
-0.0020108342591629172	0.07637001416650654	-0.06416974163244804	0.07311792917234748	0.029123169806209225	-0.0010953756135385739	-0.08022491264410161
-0.0020108342591629172	0.07637001416650654	-0.06416974163244804	0.07311792917234748	0.029123169806209225	-0.0010953756135385739	-0.08022491264410161
-0.0024150519544729556	0.05277202488018216	-0.04505405225439104	0.048367041292065906	0.015713191501656086	0.0007126872650142079	-0.0524889568469423
-8.929857963689309e-05	0.02786665262097459	-0.020978320570124297	0.03363596312931303	0.017711406118350877	0.0045233086089863	-0.02341966891906838
0.00032965773276586	0.008570056187788284	-0.01305484437643521	0.013896030536895107	0.001281548365634393	0.000714092695049864	-0.007740273249224779
-0.0015637384442798753	0.009147069372110562	-0.00411585308359118	0.009485408581041644	0.00271513958690436	0.00030005355218748063	-0.00366820047219261
-0.0005501036635277453	0.0035283638689367494	0.0005607820389312678	-0.0002158896831755806	0.0008916301348134537	-0.00017621128906469233	-0.003308061867492195
0.0007854552912152492	5.09568845106395e-05	0.000566248816350139	-0.0008633054849913667	-0.00019751195414331388	0.00036555075803995554	0.00017324462955268307
0.0012623681609503154	0.0006669989379883092	0.0006702916581927795	-0.0012226316365020725	-0.00018717802810699248	-0.00017519732449815733	0.001559243091408978
-0.0009852379529499944	-0.0005924744272853718	-0.00028558543312203437	-0.0004447950243503287	1.6133937296314922e-06	0.00034979634256873345	0.001030904292877102
-1.6566121828891112e-05	-0.0011642617576582664	-0.00010527931274199144	-0.0007907001427774212	-0.0002470081092765274	0.0001523406741810574	0.0010705316423733492
-0.0013857497842210999	0.00048235901785446684	0.0004804427653541662	-0.0011616654278956394	0.00040228522423472107	0.0001781483253132459	0.0021702562011558773
-0.0020056040540801256	-0.000607308272166993	-0.0007091628706107946	0.0005662383790366526	0.00013644951852750126	0.0017708052341603815	0.0007851295929182463
-0.0005521595806266801	0.0005098681726173191	-0.00031637101442220526	0.00017306003967461478	0.0001182216125070814	1.980400422539712e-05	-0.0004173570945881361
0.0003347746601415564	-0.0008361060358708436	0.0009939747538133988	0.000686537853848882	0.0002108977546730678	-0.0003492279166777579	0.002241627192341541
-6.830472851091738e-05	0.0005592048361694247	0.0022235005416735686	-0.002185099096224236	-0.00045997886589400525	-0.000732643949003482	-0.0003263034762774308
0.0003683345888496194	0.0003850267165684938	0.00010057873907688442	0.0004386877496173578	-0.0006240555971914578	0.00875475427751231	8.33939827613348e-09
0.0004983397541642944	-0.002318055968649404	0.0006724477047073927	0.0005246061899958786	0.000251861336405975	-0.0006403841692564943	0.0003052244860549647
0.0010522930031697224	-0.0010116565305019352	0.0013221200780880553	0.0007018882693304768	-0.0004457877362385334	0.00031530044393046186	0.0003171808143083658
-0.0004387645593971159	-0.00042529992052581635	0.0008925707861813591	-0.0003909542498998226	0.00010813819133232956	0.00027337287325122586	-0.0007376514975806678
-0.0005875276386941847	0.0005324792553783147	-0.0006641707451517964	-0.0002924818074787891	-7.831393057740018e-05	4.0340568634027163e-05	0.0004930289677633815
-0.0003879681927012892	0.0007704925700153621	6.836737452593273e-05	-0.003147548324927961	9.722560157111035e-05	-0.0007488580358210628	-0.0005328579719211747
-0.0001430281254690357	-0.00034335606742884664	-0.0007007133107506823	0.0004121472070622615	-0.00010893804114479381	-0.00023605003087680414	0.00043186548889846384
0.0016800304779043462	0.0019844822811177806	-0.0009541215962880629	-0.0007227768953225317	9.315173933104504e-05	0.00036103479533139524	-0.0016871738385187348
-2.6089430946711066e-05	-0.0005487951849687142	0.0002515934135310741	-0.0007622063949740448	1.3920302052833517e-05	8.300692018414759e-05	-0.002518945793481464
0.0001452253174364729	0.0015988439769690078	0.0011271770583065035	0.0005456930252969249	4.830464192906421e-05	8.869167623323795e-06	0.0013974154644246976
-0.0004962819345182315	-0.0009669560577894919	0.0009798322516881611	-0.000550046813742018	0.0003109819431461731	-0.0006681606161263483	-0.0005622456413116855
0.0008227516575758466	-0.0010498055776352827	0.002012366114641004	0.0014774089069977243	0.00014502551752681393	-0.0006116259262180744	0.0006888875440866079
-0.0009739832002076671	-0.0012151809488370603	0.0006093262811223617	0.00046310495741195244	-0.00023538523622029	-0.0006388833680429724	-0.0007224666417359614
-1.2669669394799541e-05	0.0015024888775926263	1.9038107991798483e-05	-0.0004609522975684263	-0.0003120381117730506	-0.0001576695577791893	-0.000496553703753339
0.0015878878811563157	0.0004015537186904486	-0.00020981390008891588	0.0017497241788043071	0.00020532518341640215	-0.0001610768005300736	-0.001398048485086484
-0.000909471009420861	0.00040879938238770256	-0.0006784834379447011	0.0006811243545028621	0.00032536035326009735	-0.00025136227258501704	-0.0010830230152642905
0.0015028923631896565	-0.0012866136646818517	0.00041605805307410226	0.0002927562320580282	-7.069880972941893e-05	-0.00039750987883698744	-0.0014736498206871713
-0.0009400021150635063	0.0007582025131284609	0.000666611676541596	-0.0005514815470593552	0.000515390435305257	7.221464558703721e-05	0.0015962028825546944
-0.00010372126882446919	-0.0005447495101171738	-0.0007779392702270667	0.0008209217261654905	0.00011471221921453934	-4.685914922266004e-05	-2.1579515079425743e-06
-0.0009951660726476737	0.0001530774054859427	-0.0004375053485121209	-0.000996822692108026	-0.0001382148731949005	0.0004087799374213753	0.0019422947613629952
0.000718087310178269	0.00103681012846666	0.0008959405483352509	-0.0009917086534223065	0.0005074421600633789	-0.0002958033414876869	-0.00012873494445164092
-0.002821880906367051	-0.011028365601107938	0.0008015156539628787	-0.005749658662565518	0.001001925138978969	0.00023569539008133283	0.0004534251370262956
-0.0070197785715233165	-0.018911427459425968	0.004894069784973572	-0.012984906562551612	-0.01903846314846989	-0.0001515162189291917	5.0218342887855295e-05
-0.01629421328870605	-0.046953600371247406	0.00907160678446337	-0.038289128971812705	-0.025762212162645917	0.00028667570290555864	-0.0003456287435013147
-0.01901239530950785	-0.08099734425804346	0.013090926191833566	-0.06461004477786149	-0.04080756921783514	-0.012594446030760258	0.001648833193675842
-0.03614971542105499	-0.11643475071954228	0.01952437403617837	-0.0871412328399771	-0.06305482076800958	-0.007335243013222443	0.007655608606779987
-0.04719678581923334	-0.16442590197396745	0.022023191920187785	-0.12705616485878035	-0.09170290764267255	-0.013037766795606533	0.013548484998361686
-0.05720252441102703	-0.20381140912168177	0.034029663827364144	-0.1572002667786943	-0.11028974166996097	-0.021881185147360663	0.005461686467597272
-0.07286245447435698	-0.2526071667220972	0.03338785199139165	-0.189156890275002	-0.13956029680028578	-0.02920586289974516	0.0005917938917504412
-0.09151268204877447	-0.3043025151513213	0.05522919951017878	-0.23129821898406075	-0.1624976773448524	-0.033138582362295325	0.0031583374904275256
-0.11628828484316835	-0.3526440892391383	0.0582751151212	-0.2543579599204349	-0.195318851342297	-0.04038330707686274	0.009923132559681516
-0.1393336136107794	-0.40778105713682133	0.06521676677421918	-0.29558113317690227	-0.22626508257160607	-0.04900049801855861	0.005424974480653138
-0.16217794160581644	-0.45902323951053836	0.06964689598528626	-0.3497684038494125	-0.25213555419692957	-0.0647621090846884	0.0009586850837679245
-0.18613855357306947	-0.5107961519458044	0.07912727749412517	-0.3733730046274783	-0.26724360901028815	-0.07897634665217661	-0.0021211402306122893
-0.2096803537953386	-0.570720909479081	0.07721403412012598	-0.4046917210869028	-0.29724609848921857	-0.10180631607553743	-0.02261653319264467
-0.2096803537953386	-0.570720909479081	0.07721403412012598	-0.4046917210869028	-0.29724609848921857	-0.10180631607553743	-0.02261653319264467
-0.23936045070551412	-0.6063978249917265	0.09150439288163305	-0.43615512904748754	-0.30424670446288127	-0.12063163470893679	-0.0294467013708548
-0.2680441762850128	-0.6629455696347624	0.10607261739045992	-0.4624561172839255	-0.3397713576557017	-0.1375009102294108	-0.048360353708618534
-0.30373242751181245	-0.7234150093461682	0.0866746998113624	-0.46368354492002184	-0.3488107716929483	-0.1604518003948411	-0.06798702832900029
-0.32765444534814864	-0.7393205245723062	0.09498268448764936	-0.49078890892059956	-0.37310390608914534	-0.1869733331824481	-0.09752039037684411
-0.35406296263475334	-0.7818914294886108	0.08417913952574517	-0.5055467302408064	-0.38122841164554244	-0.20622716953744516	-0.12176525400974945
-0.3817151747383246	-0.8301508198693525	0.0826763810695771	-0.5072562743321559	-0.3840131132742211	-0.23440501575019462	-0.14486715301530256
-0.42383073797845044	-0.8278405494359985	0.07185735870579037	-0.5087429904835712	-0.4043337920220036	-0.2700808997270836	-0.17479458923790847
-0.4291590676256232	-0.8749375510896252	0.07358936674350659	-0.49820705551362976	-0.4054443789418339	-0.29115817762430257	-0.22777976592675903
-0.4726563348784171	-0.8683774605919982	0.04542786996322677	-0.483715129916605	-0.4192907459204344	-0.3322731354539143	-0.24729785879786542
-0.4752963709412765	-0.9076438483274392	0.033898770128554995	-0.4734020002983466	-0.42446252197460893	-0.3675953323049672	-0.3102983829316757
-0.5090050198624259	-0.9082880463054108	0.016754283055166432	-0.4374371210848744	-0.4277464055552842	-0.37753592921939205	-0.3363828489888368
-0.547794180937909	-0.9067512759613179	-0.014319168535048027	-0.4203908742122915	-0.44302524847680347	-0.41974585847633344	-0.40374595240414457
-0.5295351746784598	-0.9166136142255786	-0.012664336122637329	-0.373098935816211	-0.4337819629784418	-0.4415720509933689	-0.43430241515646495
-0.5482521903607863	-0.9149482566314762	-0.043194379797635296	-0.3474958290537306	-0.4460171331880497	-0.46365905452364453	-0.4869911163822433
-0.582709457620019	-0.880988804588537	-0.08103960115299783	-0.2966618815829604	-0.4684530392475421	-0.48512207771402993	-0.5274670132896077
-0.5790906760580391	-0.879591476712586	-0.10850401322432965	-0.2531990745056488	-0.46984455322452434	-0.5043772888544551	-0.5795641023552105
-0.5542412133638785	-0.8493862138245616	-0.12213685128369502	-0.20607720354604137	-0.48293319913637	-0.5204884191615866	-0.6387042726769072
-0.56699839778808	-0.8200298752616569	-0.15362894177587366	-0.15464016454686352	-0.49608241714766177	-0.5349807216720812	-0.6579315915467614
-0.5727682792465656	-0.7685895963420656	-0.19323865756167663	-0.09466859085006898	-0.5228358656423087	-0.541705311885193	-0.6890630398317016
-0.5549314440472115	-0.7409872080080459	-0.2171326286634217	-0.04223594855658844	-0.5197799659286239	-0.5430461698340908	-0.7458013376158544
-0.5191193580819529	-0.7099281837662831	-0.23090827776065678	0.013585130169020127	-0.5296567917458426	-0.5264994750270591	-0.7919524526794729
-0.5193208275726972	-0.671926467389395	-0.25903744855374966	0.07542950215251908	-0.545036205571809	-0.534496683936169	-0.8094536910953629
-0.4963585181651507	-0.6242649967736246	-0.3001097814258028	0.13966266587945594	-0.5674257419845329	-0.5166483670231077	-0.8520931531101731
-0.45748221535252886	-0.5714613876657614	-0.30199143464598915	0.18487171202480818	-0.5713674980253689	-0.4911670714372672	-0.8477866320884675
-0.43342131275234275	-0.5204758478196098	-0.32793464545761397	0.24250272288058605	-0.5914804748307865	-0.4829451447715262	-0.8829020469069799
-0.3952198161622821	-0.4303617299025825	-0.34098655122147825	0.291069776665638	-0.5903653951123917	-0.45802280462689093	-0.8765411624419316
-0.37641455869578894	-0.4164847554753625	-0.3537583469256524	0.3530488930496061	-0.5712505045094504	-0.4406920079614767	-0.905525187600012
-0.3267531218626981	-0.3558105883302614	-0.3701272390111438	0.3796800695299412	-0.5890016427106068	-0.42858580073441666	-0.8866975642161974
-0.3081521372124611	-0.32741013237777356	-0.37377206296275495	0.44525947789630566	-0.5938625834464634	-0.38203470444138515	-0.9081558044499509
-0.25479053927427553	-0.27319562898148475	-0.3817057482236087	0.46271931107535513	-0.5835222750030908	-0.3688539853827257	-0.8801911660545269
-0.22377476388213857	-0.24232236512338814	-0.36805564333774515	0.4984076564117597	-0.5586069028246934	-0.3394648414123188	-0.885981079134198
-0.1976347136959477	-0.2027572182578711	-0.3712230633351441	0.5250051429117195	-0.5435750313722361	-0.31213110263092	-0.8620742738590461
-0.15273756665257437	-0.16190137633691865	-0.368411530338332	0.529597605052844	-0.5282859353152094	-0.2813933765008104	-0.8530656523953108
-0.12651913927460548	-0.13074669542561584	-0.36084364337339814	0.543041865997779	-0.513164785589253	-0.2687199562428624	-0.8182544501800354
-0.09734920762866361	-0.10830504723658944	-0.3497094222971349	0.5765747964682384	-0.5003551774148919	-0.227436699542614	-0.812709129803263
-0.07547670113709588	-0.08038330179261277	-0.3461441763786867	0.5676466286205325	-0.47124657678274307	-0.22047518446698633	-0.7495555877612184
-0.04405625161826984	-0.05593604310300954	-0.33986985918549906	0.5623838487282753	-0.4512826753942319	-0.186951719414514	-0.743453648196031
-0.022663819315195573	-0.03268455443245987	-0.31890415187285187	0.5541176484443492	-0.4180165640271037	-0.17646872646020814	-0.7323501182501687
-0.0014917965174541157	-0.017755157142709088	-0.30514441280993904	0.5635383482924174	-0.4096108370602026	-0.14621118742051703	-0.6594387925503297
0.00577851429266869	-0.0072182155687489265	-0.29498946850624475	0.5301966295204489	-0.37235820185088897	-0.1351468911074452	-0.6036493683441804
0.024643914617895547	-2.5092727963070462e-05	-0.2812568055958769	0.5116574003693791	-0.34499751478325835	-0.12276148721344733	-0.5692254992259551
0.030152983628140263	0.008692658858899872	-0.2526646397028059	0.5056776430358411	-0.3274857403128997	-0.09633718417538181	-0.5316953686121842
0.03587986425568492	0.01531458005868535	-0.24185466537883335	0.463599079265212	-0.301571438194918	-0.08932616743479209	-0.489817051640817
0.04688613188799818	0.016746344369679686	-0.22424922969177202	0.4275408284181215	-0.2641804393397361	-0.07916117544867061	-0.4574049689994986
0.055250127227176885	0.023364262625807663	-0.19906789499590896	0.400004756470727	-0.23143152965743646	-0.0669519941569599	-0.4303018379136796
0.04891787197923007	0.02591644388278834	-0.176204161670859	0.3566374281004393	-0.21094261294484196	-0.06086104732276896	-0.37560208720889254
0.05761363820173848	0.02584754794542497	-0.1605522352518773	0.32856018421312394	-0.1892068046789325	-0.04641122329304757	-0.322690310445037
0.051653990409131455	0.01995259023825859	-0.14536705957463875	0.2824969136561602	-0.1643748864595537	-0.04077849186323018	-0.29810052486390926
0.047165398701716515	0.018202138800263567	-0.12137354526036623	0.24362659582689122	-0.1443867182433409	-0.028480785018867697	-0.23686013321966512
0.03839225208947823	0.02463337106726421	-0.10034705755729341	0.20537372719436622	-0.10355891762680781	-0.02823763737754853	-0.20943042561019376
0.03839225208947823	0.02463337106726421	-0.10034705755729341	0.20537372719436622	-0.10355891762680781	-0.02823763737754853	-0.20943042561019376
0.03247100227748157	0.014731437276222415	-0.08373100475043198	0.1685524086216028	-0.09543957840314983	-0.024613315439418162	-0.17516287468877736
0.027156254925780787	0.017528992061800305	-0.0663421777964371	0.13180873829300177	-0.06684118323981825	-0.014666167467968817	-0.12753745453266424
0.022817937933661925	0.009601975619292538	-0.051857888079941614	0.09495300791673353	-0.055859333150799544	-0.007341692116363452	-0.0976811851730397
0.01418464664504165	0.012130677285707993	-0.03852368615668034	0.07240805940032279	-0.037975555810366636	-0.011397831270274036	-0.06968521081248798
0.011935610095925715	0.006328889124567944	-0.024847711237873892	0.046483198004081655	-0.0257273622108736	-0.004511407683566789	-0.04230549911596723
0.005389909403416155	-0.00013207578692227544	-0.015060248193856861	0.029460762929934516	-0.012818128712329471	0.00027917930659735466	-0.030444213565416448
-0.00030202797086548356	0.0002767182843842395	-0.0071021736400335815	0.01378611529902682	-0.0100447285889854	-0.0033594295909783263	-0.010291639369275624
-0.001780855444264535	0.00010314983649319724	-0.001398862442220692	0.007342373358969373	0.0004049629070187415	-0.0010494393135101693	-0.0033339138636861473
-0.0021481925291390864	0.00023223511421695712	0.00026925742909095197	0.0010096409302979147	0.00019148014005148067	-0.0004509872488469979	-0.0026286275858933656
0.0028415450871463106	0.00101939654188655	2.3482962476212543e-05	0.0009687321450382603	-0.00047451403025358516	-0.0008691887710019618	0.001198369736922944
-0.0008493916908671152	0.0002737806536361744	0.0003670164177665255	-0.00029829483239123786	-0.0003010207223272615	-0.00032346605558155673	-0.0008793715670566392
-0.00022866813729719855	-0.0008766048704670033	-0.0003759588219090194	0.001800199712822104	-9.34041775407319e-05	-0.00010281923162494169	-0.00035800035616618436
-0.0013869570370945708	-0.0005115519573111198	-0.0004993152963768132	0.0005823081133864067	-0.00010287781974116767	-0.0010380497351670907	0.00024291400891983793
-0.000762257620284478	-0.0004563822065664159	0.00043674793178663935	0.0005411469061848295	-0.0005498650307428337	0.00040903833147469375	-0.001048260846562245
0.0009430471609551613	-0.0007730577968337692	0.0003665369944068586	0.001097990484224158	-0.00019312301826427945	0.0002334742963169701	0.0016010981285037415
-0.0005079060780098879	0.0004338306167377299	0.0070609390693438705	0.001431786148018468	0.00017317460467798293	-0.0003384087642222857	0.0006215187686004695
0.0006556590025399914	0.00039451736248329456	-0.0004828087297580727	0.0006602945744855304	-0.00048678444924744787	0.0002668079754861928	-0.00019935957338920244
-0.001208063945570018	-0.0005021995445002248	0.0005413641827672184	-0.003527885083501952	-0.0002640365993526583	0.0001595081898438267	-0.0023833589709392282
0.0006743532898681602	0.0010271006440833788	0.00020502888616662934	0.00044958391213754847	-0.00013381432504090817	0.0001464862198595958	0.0004592715353362467
0.0005641870394623842	-6.233971198030143e-05	-0.0016795700298343327	-0.0009119190148073219	0.00028245299958709	-0.0006645293188336271	0.002510208529394626
-0.000235839957568522	0.0023710819122964326	-0.0005823259568814058	0.00018652243374223538	-0.0005965220212475652	-0.00010435332133275142	-0.00028170417413165714
0.0011646956537647024	0.0008757612755923491	7.714119660956569e-05	-0.0008798578969996535	-0.00021928628174954526	9.802733403629472e-06	-0.0007384220444868276
-0.001149074789608266	-0.0005672318161323532	-0.0035788028532408034	0.0010481708129454952	7.595813897126326e-05	-0.0005141047788373075	-0.000605087504145546
0.0005030797189257847	0.0004950230249402283	-0.005815580029194082	0.0005546152415239877	-3.989816253415061e-05	2.744298616798738e-05	-0.0013263743141942563
-0.0020006760995276438	0.0021087667655329367	-0.00035704115909744117	-0.0010429677084925803	0.00014760717199673802	0.0002660517960929683	-0.0010132238286735542
-0.0011687457167382754	0.0008145556309183619	-0.0009697313552598465	-0.0017476602116459686	-8.678494402615616e-05	-0.00011769683170316587	-0.0009559114256902562
-0.001410560565919817	-0.00027029007388044686	0.0007762131091700607	0.0004547394043211322	-7.797224412131994e-05	0.00012121126571298094	-0.0012265972501975685
4.533389525602983e-05	0.0013529541052368999	0.0004456137723643354	0.0006062367586284227	0.0005123537265609573	-0.00011789729040922205	-0.0007062538846842876
0.0001063813299361923	0.0012298889940014826	-0.0002447324678638488	9.248448361533256e-05	-0.00036357650781865177	0.00029532714811426793	-0.000891529282245841
-0.0002908379236542409	-0.00021398647022094437	-0.0032069436331780094	0.00046642429636902205	0.000251061804627899	-0.00014969582752435084	-0.007860368022601375
-0.000633650680345807	-0.0004944574128665985	0.0052889198045518	0.0004088942970561262	8.950000556089607e-06	0.00010511988014368338	7.86170177900469e-05
2.650961630208034e-05	0.0007307296819497079	3.151993628669762e-06	-0.00041886101860419417	6.641896959326288e-05	0.0001816747724515628	-0.0018226089044141376
-0.00015183258576353776	-0.0008463950986232712	-0.0020425476434287235	0.00038973958916022457	-0.00024713629193065685	-0.00025422878167550845	0.004967115656576104
0.0014824904526958302	-0.0003499312947710461	0.0002127168599086154	-0.0006427381331629929	0.000518641953686687	0.00019380345239280934	0.00018444173866312554
0.0009036924871564225	-2.3375897465516093e-05	-0.0010271173129210867	0.0007032592425986914	-0.000232286978468868	0.0008462447312755903	0.0012845129102675332
0.0013127707820820439	-0.0005054594887132416	-0.0002835583781100056	-0.00025403495951571985	0.0004252496562787395	-0.0002737605658407669	0.0006991874079643681
0.00033061066136130395	0.001367001496127618	-0.003499476187045103	0.0017537422742283798	0.0004590096834532702	-0.0005261554714087622	0.0014930306598500336
9.36803919771801e-05	0.00020617460567095994	-0.004450610327042806	-0.0005667633134051864	-0.00047652594558368904	0.00039226332666027534	-0.0016181297744952388
0.0019537618392516383	0.0006146311828212443	3.168063900472664e-05	-0.0023993431977642216	3.461873977815755e-05	0.00031487298687707713	0.0009623775026093437
-0.004399116389428283	-0.01022136791136267	-0.002858690661197544	-0.014785282142166484	-0.004224470006681983	0.008067342168276368	0.005083440053394933
-0.010225903922974223	-0.016135180403888807	-0.009965736392406086	-0.03462010873980393	-0.008971249540783025	0.01307375506307158	0.004678627538105898
-0.022254321719598184	-0.03964566332294726	-0.013460612832574888	-0.06454347325795096	-0.024775208969983885	0.026975610132930088	0.018234647960993472
-0.031304562820108905	-0.0549514152350839	-0.01742401667910618	-0.09228998625651713	-0.02812510552707385	0.044175740867312414	0.02322401226758792
-0.04261441125097049	-0.08029034936497051	-0.03260617393312879	-0.13570401213850808	-0.04055544634959654	0.072467700996028	0.02882966924803141
-0.05019841405026757	-0.10928560121364678	-0.05309897085981193	-0.19111381916710185	-0.0533810780501045	0.09394974408971914	0.040049468556761274
-0.07120925473160097	-0.13760162850395605	-0.05735197742396943	-0.22005888471586454	-0.062868183850135	0.10984721382495698	0.0511740085906957
-0.08072963919925187	-0.1545717560603922	-0.0770583252556292	-0.2822954509077226	-0.08998310131485902	0.13628017911277188	0.05300997561152792
-0.09845513423453994	-0.18025574309543746	-0.09857053257555794	-0.3178315187278998	-0.09824980173298728	0.15693642328785842	0.06678447969824389
-0.11807131402025542	-0.20925142277589873	-0.10837685629193651	-0.3584580389676746	-0.12051432419011	0.17955208850588258	0.06955676538024279
-0.12353109251508519	-0.2293093525177549	-0.13097781884804738	-0.3932785170167555	-0.13830857568486202	0.1956242776324278	0.08056788308774773
-0.13327720942102916	-0.25652672178784586	-0.14453366239668897	-0.4459247175327576	-0.1574385683594557	0.22580288270697357	0.0859089569873806
-0.1417364289711886	-0.27749477705505005	-0.17058416846411137	-0.4775381435542845	-0.1816809788571418	0.2375644601341388	0.09504555831899011
-0.1417364289711886	-0.27749477705505005	-0.17058416846411137	-0.4775381435542845	-0.1816809788571418	0.2375644601341388	0.09504555831899011
-0.16203682581586237	-0.2976449791014301	-0.19722457335951843	-0.49312092892277126	-0.19625002394658758	0.2630853306160303	0.09762374348617234
-0.15748171777468206	-0.303456352363346	-0.20202619785499637	-0.5093013118945989	-0.21309602877437683	0.27951553476243585	0.09726680824654346
-0.17033687146233867	-0.3122031231588666	-0.22627192255702877	-0.536807771649929	-0.22837351769979403	0.2854726859273431	0.09543708873724786
-0.17409005246995343	-0.32630084225517775	-0.2536348641747665	-0.5435191522024365	-0.24543380618571306	0.29675194145650347	0.09522109648821724
-0.18074726728374002	-0.3354011603362027	-0.2778847326590536	-0.5399605399082188	-0.26644258488587047	0.30466450655008714	0.09662618073495861
-0.1816403610128161	-0.31664146631331236	-0.28198247704813584	-0.547416574098259	-0.288832742115351	0.31134770229546915	0.0956098414979648
-0.17428291409611146	-0.3164275151853574	-0.299231077141969	-0.5375850611859174	-0.2979594199537625	0.3179450124524685	0.08039891589884718
-0.1748574521766878	-0.3167585367908423	-0.31813385627196855	-0.5267276025162494	-0.29874492779288264	0.3150620062003966	0.08131239084885994
-0.17227503070103062	-0.30365662936546667	-0.32862525327455744	-0.5060384753701097	-0.3175892208545838	0.323416862731167	0.08821953747987624
-0.16799097304770122	-0.3042495483950846	-0.34932693742963655	-0.4935915602644759	-0.31522024747284333	0.302376534743132	0.08091735588474772
-0.16539256368753508	-0.2794728188194578	-0.34330114195268513	-0.46283236637748176	-0.32374395016370666	0.2961405947150348	0.06718840667799061
-0.1578776314404121	-0.2770043432969176	-0.337255426533281	-0.45677057791639514	-0.3207742383018178	0.2970489881484022	0.06778102570126597
-0.14971214500038024	-0.2648965099021507	-0.34127051925024277	-0.4096591401677304	-0.3143572300136432	0.2855610369008587	0.0669315063461964
-0.1359946987082969	-0.236361838035291	-0.33681972083385175	-0.3909905892144584	-0.31112386155269756	0.2743624612011635	0.06092481614873765
-0.1255602711493853	-0.2289921043477821	-0.32379915154538835	-0.3642646350444234	-0.29532059833857877	0.26455892802071096	0.04770506691560252
-0.11661165576876904	-0.1981429808139127	-0.31288323199544127	-0.3363368544110263	-0.2916564248707254	0.23743915141188005	0.047118243708611764
-0.10992332482274568	-0.18198199863603354	-0.2984913786394594	-0.2885448783585653	-0.27152550844504864	0.2243592282354977	0.03939984892362934
-0.09473333133972815	-0.15957592002651697	-0.2705431393707844	-0.2620359681845738	-0.24655665790952563	0.20349186916470385	0.029645296446070578
-0.0808533638015244	-0.1411166784666355	-0.25102248431152663	-0.22898140895214605	-0.22883594381422362	0.1962655359156471	0.026777584829249485
-0.07416744597240163	-0.1288777459658988	-0.234764228252345	-0.19605614179659617	-0.20160088612056723	0.16459720522772747	0.028133847251561424
-0.06271194734132667	-0.10579749358529444	-0.18747674089750446	-0.16696342488385343	-0.1735926339153755	0.14187075412159417	0.020431390205762772
-0.05231405491101024	-0.09518625986177101	-0.1665064674065573	-0.1432939400648317	-0.1510489828327008	0.11855087917124055	0.016391375323119586
-0.045525045711850586	-0.07321044992435843	-0.15003661771857593	-0.12238146513416463	-0.12147104473312005	0.09418356323591094	0.011654445252638188
-0.033080711548237746	-0.06564320450348655	-0.11225976119223424	-0.08544241521134666	-0.10048725837095951	0.07972448290449567	0.015658664075958912
-0.02746825113513855	-0.04425220646238337	-0.08460633064882737	-0.07030672613133684	-0.07871761158172454	0.06693668555839984	0.006778946280519093
-0.014007855693773798	-0.03102864211012617	-0.0636615414598893	-0.047872677287176486	-0.06359202167883714	0.035644638045057714	0.003999218870121045
-0.013772032474540811	-0.020410492810078913	-0.03949686095592553	-0.029196670767204853	-0.03912675514509969	0.021934206044629808	0.0006765081431260548
-0.007323572632655276	-0.01383948586314601	-0.022660905527538685	-0.016168431109269986	-0.01731301625974379	0.015003887832184835	0.005216019946930756
-0.004119211956628607	-0.008545312363738438	-0.010847175551091444	-0.00821838952925675	-0.011433383561162367	0.006194896743742012	0.0012832195642657285
-0.0005606923804897928	0.00195911447316406	-0.0050681723646523145	-0.0010141460461972373	-0.004444913341383328	-0.00010383702974842775	0.0010006968297057684
0.0009365517807323892	1.5536905319994425e-05	-0.002015487442248859	0.0007289290621815203	0.0003187840133564884	4.634581148336754e-05	0.00036503765423068766
0.000818060722473925	-0.001901238500421436	-0.0008819905172746483	0.001165139587173294	0.00010801752010179004	-0.0003063830086011621	0.00022576533225023606
8.350346028898946e-05	0.0005945365471869002	0.004383127340543098	0.000756326713421323	5.428952591613282e-05	0.00014216034933422215	0.008753252692336719
0.0009157410803691694	0.00023932885675428625	-0.00046235746217333437	0.0012023302422203297	-0.00023983589134460762	0.0003281880631484546	0.002837459187258103
3.246674307443366e-05	-0.0005106144664666314	0.0020417261722126575	-0.0009634176879278717	7.232282990637999e-05	0.00014400190482499826	-0.0019871841833335913
0.00019877570463781486	0.0008538756739910302	-0.0012529261724166982	0.0010074812709615633	0.0006507321809948275	-0.0003779238104999331	0.0005446133395429192
0.0008644042986824958	-0.00028345358020829127	-0.0010925745941951911	-0.001058139380059309	-8.841514891488631e-06	0.002695600644935979	0.0015761468022276806
-0.0008188051951347213	-0.00012063006915273127	2.9516839642941587e-05	-0.0010464451773871922	4.530292887469224e-06	0.0003551530903446238	0.0007979172980375097
-0.0005118440876435181	0.0004548451809731059	0.0008322107840149942	-0.001064781188699499	0.00016885859824180722	-0.0010704139594153068	-0.0005456875733306329
-0.0007630450554753583	0.0004040879909896049	-0.0005842127652389922	-0.0002589596556575042	-0.00012010950481485224	-0.0006509490653575279	-0.00023685364091522178
-0.0010081384734536732	-0.0005316771064725955	-0.0011417023313703616	-0.0002112983632668665	0.0001770867864626549	-0.00015560958997706486	3.0014152734985767e-06
0.0004336192315836108	-0.0004398769600302639	-0.00039459308061397995	-0.0018656637694504305	-0.0005448206505845568	-0.0002855989734343401	0.0004841707669549655
0.0004663329388368696	0.0003739833862695093	-0.00025703436234840877	-0.0012264013633291868	-0.0003908440680875183	-0.0009312032044147201	0.0002713782900453184
-0.0006844501689003161	2.36368404080788e-05	0.001076028859857415	-0.00033092478627447214	-6.0508891090189054e-05	0.0002801921780518972	0.0007080995428934297
8.339652670561133e-05	-0.0019437356630102598	0.0004167836898831718	0.0004639007709659886	-0.00015955982731344885	0.0006734878489618435	0.00011048049330497594
0.000392405498987585	0.0004091162239495338	-0.00047807344562637936	-0.0012446891220468962	-0.00027244398491215014	0.00018031512363010595	0.0011462369604990279
-0.0005274113449135387	-0.0012352219666862012	-0.0010719565846893898	-0.001049101763857651	-0.00029528497390238386	2.844610744407852e-05	0.0007706236539904783
-0.00053136983569805	-0.0010749410736407288	-1.659194661861727e-05	0.0015162286719277202	0.00022780239140830368	0.0004846044606194417	0.0011777062655453985
-1.7094669322851872e-05	-0.001269553575023311	-0.00028284071907921655	0.0007050390790482337	-0.0002577398084079165	0.00023116674228197776	0.0013359350736258557
0.00038921088088668404	0.0006099274238897171	0.0007405199532000476	-0.00035018316786081016	-0.00037303222694910646	0.0004207520643443003	0.000404570165738161
-0.0014424040183278813	-0.0018324421723132478	-0.0014536101544487872	0.00027161282498185823	6.71566137292177e-05	6.364512502222836e-05	-0.0005737907241160255
-0.0014424040183278813	-0.0018324421723132478	-0.0014536101544487872	0.00027161282498185823	6.71566137292177e-05	6.364512502222836e-05	-0.0005737907241160255
0.00031506749076803465	-0.0009261989735334263	0.0012824290513964555	0.000994576854871638	4.405578831317156e-05	-2.1414891616682357e-05	-0.0001679314718017453
0.0010556206727019	0.00023242865646455466	5.7718416882412365e-05	0.000419791276531729	0.0003162238378265066	0.00017373019671276116	-4.948594903274995e-05
-0.00046092145905495614	-0.0003213580658743703	-0.00010297506339367128	-0.0010134317585579527	0.000618066613094387	0.000556122438154605	0.0005799337915187549
-0.0007431554583938912	0.0009041781446878506	0.0014186925410456274	-0.0008038180767832214	7.481001378194601e-05	-5.091404284158858e-05	-0.00017885244669092187
-0.0006578644914341836	0.0011396160995042009	0.00021408260403602702	0.0047585047948516465	-0.00017132860947430089	-0.00036994899921135715	0.010580413712568331
0.00032704681282374104	0.0006622293756681877	0.0011341790301726074	-0.0004267963889839447	-0.00029095977783244004	6.47285536832499e-05	-0.001439043896480295
-0.000330009631207156	0.00019266066738834713	-0.0008935689986168709	-0.001014038357906237	-2.3962146168776597e-06	-0.00038566904292450835	0.0030644055518654293
-0.0008282108156208938	0.00023950490244586037	-0.0015648568751876419	0.0010161980102328582	-0.0002703109103368145	-5.965319073145291e-05	0.004652875758823535
0.0003114351032544626	6.608951238784905e-05	-0.0010329176596496148	-0.0005077427355379684	-0.00025161801845300166	-0.00012931976755608263	1.5421891007395598e-05
0.000759733702811596	0.00044519635537081716	0.00037871508596982393	0.00038276648774986777	0.00016126346524129403	3.185366547599425e-05	3.055974509212562e-05
-0.0014081668664279801	0.0010855654693119692	0.0018662919430208072	-9.754315052839506e-05	-0.0001802933764898128	0.00010687780435520962	0.001178788484579923
0.00029089325305609075	0.002055801963106095	-0.00029600801341364417	-0.0009729350486409564	0.00017016937577348434	6.862063461814321e-05	0.0002763772085171235
-0.0008072824770966172	-0.0004885752996150373	-0.001431079192574501	0.0034191826273708486	0.0005531906162957182	0.00016947510351763754	-0.003188286119886981
0.0005027657017413297	0.0009463974769095984	0.00023213375903936067	0.0033221529614896246	0.0003314365997731958	-0.0001369422945302099	0.0009434198914311333
-0.0006491778278906832	-0.0009285100593447975	0.0014046292348554206	-0.00020961435661559266	0.0007337021039091785	-1.008591346711411e-05	-0.0004980298776688139
-0.0006898260256133892	0.0010399572843110903	0.0010870160796522582	-0.00047168192383219634	0.00021287157413161028	0.0006440405929439664	0.0008622587873619554
-0.0003671730334349424	-0.0010133939908125496	0.0008767074068680864	0.0018744283375202392	-7.089306659288102e-05	-0.0008252905919907077	-0.0008482216874143922
-0.0013075722485909862	0.00024336178606061844	0.0013893550152291247	-0.0010428141799156635	-0.0001376167804574421	0.0003962853990593768	0.0002123608329325378
0.0003709211265684781	-8.10289142293217e-05	-0.0013000669576539378	0.003479190791957816	0.0006135636729222935	-0.00011134446040871243	-0.00022783174669635233
0.00016568833444820913	-0.0014437194553476751	-0.00028381804974431937	-0.0008727816930299778	-3.273781815440141e-05	0.00022405388505944966	0.0020681933378077643
-0.0001902246603671015	0.001245103594344712	-0.0003717377120136992	-0.0009235581600106587	-0.0005849362066337205	0.00012432431150438434	-0.0017576106416195502
0.0008871083756511885	0.0007367215532743786	-0.0006901512126577334	-5.555258549434427e-05	-0.0006055707879438611	0.0001273495277045993	-0.0007515917268768916
0.0014633132013191906	0.0012738222764152442	0.0007149716696492574	0.0014756452495160153	-4.268893138682052e-05	-0.00030616030054357536	-0.00019287108191745693
-0.00021000491854313475	0.00017288370244993901	0.0005345835825502355	-0.0009321354116376576	0.0003413725070525005	-0.0001447968624010922	-0.0007882952000624861
0.0009077244320783189	0.00020885653534693483	0.0007908127976624884	-0.005216676506844597	-0.0004214818032411331	-0.000496515326525606	0.0005508874815934591
-0.00042261334996113577	0.00011428430334799164	0.0006169118021024858	0.0024488297354329108	-0.00030157642350693104	-0.00029246660969633537	0.0006481731619305645
0.0009862449767737214	0.0010776067064288415	-0.002183080768386103	-0.006134395785107586	-0.00022767710752719572	-0.0004147979526637037	0.0031624739755746036
-0.00041701553510949064	0.0005696456545896108	-0.00020432260897457693	-9.97372491706026e-05	0.00013908164352414415	-8.889613854963343e-05	0.0005897384700365683
0.0014242484453962526	-0.0005749731780800171	0.001041982874700334	0.0013969419960969392	-0.0001970278247819342	-0.00011560882473668688	-0.0005492367369449952
3.0373644391707324e-05	0.0010328508684715127	0.0031966464904443267	-0.00032081374743439626	0.0005507351928509511	-0.00045771890497649313	-0.00047952048990411835
-0.001434221231832239	0.000532479677095364	4.66938731412107e-05	9.311574822032462e-05	-1.8411906688631144e-05	8.012626467401927e-05	-0.0003932344910457775
-9.880540307230194e-05	0.0006349827650331464	-0.001435343924779238	-0.007631364334838715	2.2512905515266662e-05	-0.0005772591542279937	0.0016449205673027697
-8.857047755183544e-05	0.00016216229802692818	0.0003232388115647104	-0.0001627697744285279	0.0005719880003100332	0.00020028327623594747	0.0007523959641740716
0.0014089568105180843	0.0013180877871353544	0.0005169608768323348	1.7671109066413155e-05	7.148879488948766e-05	-1.059397391867613e-05	0.0008654440946225345
0.00031934382254533586	-0.000880765557048425	0.0013336460773472239	0.000911393973225743	0.0003564784417441271	-0.0003444636719772806	-0.00034863458660274284
0.0007020253045690764	0.00012982979599682572	-0.001410507669440219	0.003058306073077474	0.0005244930061487448	-8.870777332776274e-05	0.002981061833694213
-0.001533984762996527	-0.0005861944682877097	-0.0005763746875575782	3.299736992452341e-05	0.00036583407141094616	0.00011535014633229911	0.00013663136983224324
-0.0004934310454354129	0.0009993174215878412	0.0023180935018211925	0.005944278936645734	0.0004121559848176539	-0.00012008454687530989	-0.0008776562563558257
0.00046499709375981126	0.000528826750294924	-0.0013904304363037666	-0.0014907605993738113	4.569023840840903e-05	0.00014137523067866268	0.0007404449022374382
0.000715249933255464	-1.7388483156906567e-05	-0.0009932656589996657	0.0006186557081076233	5.0161473085462e-05	0.00021649666514787105	-0.00022067723088843238
0.00026382512443405266	0.0003108921682555515	-0.0003714828838294198	0.00040900677811386664	-0.0001674683006464693	-0.00021438853098749736	0.00021007070407353645
3.439428730438072e-05	0.0020062990008684048	-0.0003762869724104469	0.000496294999819041	-0.0003940630344298667	-0.00036481834638327074	-0.0016235330537898635
-0.00043835991601819623	0.0004509207414311778	0.0001293127177471589	0.0005495330648952503	0.0003645721333542	-1.9862036685749572e-05	0.0005828839219806091
-0.0004327036429137309	-0.0016732578841559664	-0.0013352900861628965	-7.494130644331061e-05	0.00023755021256289174	-0.00013345649993419252	0.0013265697187009838
0.0010195554040554119	-0.00119028111919151	-0.000543115925601832	-0.00010255795507836149	7.072238005036847e-05	0.0001256857758672617	0.0019396583291563625
0.0002896180796241066	0.0013583797728569033	0.0029818592408508565	-0.001184041009856393	0.000185653498591586	0.00015028832281759286	-0.0015689108150276942
0.0005586353776039668	-0.00031744419353874916	-0.0009797934753150845	0.0014969001953796907	-0.0006446765353609928	-9.160386148630419e-05	0.0034224959414085095
-0.0002694953619548718	0.0013134070133705151	0.0001169714174643836	-0.00015201443715578906	-0.00047338493318911846	0.0003053813218602804	0.00013461388809907584
0.001251266205321586	0.0020028078465077807	-2.6833435732635685e-05	-0.00011040839986830763	0.0001394958876189253	8.134273133165526e-05	-0.0015552881480827298
9.744804856098342e-05	0.0002739457336050212	-0.0010031392682874217	0.0038327589271977265	6.182674475616313e-05	-0.00043434940858655364	-0.00039097915384832905
0.00042655520681196925	0.000773200824333476	-0.0044111794963369285	0.00026938078476918903	0.00010786967144701529	8.531311415207535e-05	-1.5193714011785496e-05
0.00042655520681196925	0.000773200824333476	-0.0044111794963369285	0.00026938078476918903	0.00010786967144701529	8.531311415207535e-05	-1.5193714011785496e-05
0.0005633384222222898	-0.00041211053159726717	0.0005703370754824482	0.00032173213840369104	0.00046941946481807487	0.0001247639508668412	-0.001254174877109307
0.0002599182279491006	0.0013023383657425904	0.0002727531074410227	-0.0002808893587024695	-0.0008068216403405155	0.00010965355334180253	-0.00029027132845290977
-0.002285546932816671	9.211527153377667e-05	0.0002998268197984182	0.00098977801639302	-4.348649453149516e-05	-0.000277955059563509	0.0010327047243257948
-2.449363670624063e-05	0.00146087640168035	-0.001068176653933195	-0.0012119395693883594	0.00017060905983971416	0.00020898753720360912	-0.0008662434323890153
-0.000517464806790207	0.0005585853217381095	0.0014685078705605813	0.0025701490776262807	0.0003919511449023856	-9.850610106261155e-06	0.0021533133348051762
-0.000835585660995338	-0.0002572325295570604	-0.00015832088260650805	1.3063776155218065e-05	-0.00021163451803025605	-0.00021692681064258636	-0.0006308326900483965
-0.0001256266203596126	-0.00017183954610766275	-3.0364655852676976e-06	-0.0022166512053905327	0.00018112590143255363	0.00010480439032234543	0.00017306293029148122
0.0009231951781017487	-0.0014924736264700263	0.0014744860328243935	-0.0011259147384712815	-0.00037528418914695237	-0.00022372184577573883	0.0010070398378384574
0.0005106992595169141	-0.0006731621018159703	-0.0003285485746439518	0.00221931730561774	-0.00021556907675100473	4.3528318618502236e-05	-0.0010017110945183636
-0.00045295999269582437	-0.0001339251193122306	-0.003839413249155291	0.0015157047743170908	0.0003710740837716888	0.0001263461119182056	-0.00024383697240907434
-0.0004411708076234387	-0.0014299206737681165	-0.0006525729150849643	-0.0009743703929719808	0.0005753611023008572	-0.00021677010512641086	-0.0009884365030559757
0.00012559965799041918	-0.00023742711978820308	-0.0010950970800200834	0.0029383228563009717	-0.0004310495320314808	-0.00021932543827534487	-0.0020603221291006614
0.0005491800208256478	0.000983543955529031	0.0004318355604082686	-0.0009275554497920697	-0.0001974617402354947	-0.0004825083922994813	0.0021115020830130044
0.0007835001735010704	0.0014602705258864128	0.0011765748662520162	-0.001098707199724113	-0.00010874004883151161	1.734765978985735e-05	0.00012452462963739378
-0.0008883268066142932	0.0004968648007386965	-0.007620734824554272	-0.001455789595940815	-1.6407565590266567e-05	-0.00028203258887035877	-0.00020875477559853281
-3.425993878347586e-06	0.001498787057442669	-0.0013142306417805625	0.0015957771358750886	0.00010870907243805514	-4.0022823015043924e-05	0.000939655537807069
0.0005374181980242259	0.0020695533095986605	-0.0005318678637598781	0.00104987431971822	-0.00028412402814943674	0.00034431997322311066	2.5460310864235907e-05
