0.008126020431518555
0.04137229919433594
0.0748448371887207
0.10808253288269043
0.1414196491241455
0.17475152015686035
0.20807933807373047
0.24144458770751953
0.2747781276702881
0.3080923557281494
0.3414175510406494
0.3748133182525635
0.40811824798583984
0.4414339065551758
0.47474241256713867
0.508054256439209
0.5414223670959473
0.5747158527374268
0.6080672740936279
0.6414265632629395
0.6746468544006348
0.7079799175262451
0.74141526222229
0.7747504711151123
0.8080601692199707
0.8413543701171875
0.8747446537017822
0.9082198143005371
0.9414122104644775
0.97475266456604
1.0080835819244385
1.041325330734253
1.0747394561767578
1.108086109161377
1.1413936614990234
1.1747386455535889
1.208076000213623
1.2412490844726562
1.2746458053588867
1.308074951171875
1.3414373397827148
1.3746607303619385
1.4080941677093506
1.4415221214294434
1.474755048751831
1.508084774017334
1.5414001941680908
1.574723720550537
1.608065128326416
1.6414070129394531
1.6747446060180664
1.7080631256103516
1.741353988647461
1.7747702598571777
1.8080737590789795
1.8414757251739502
1.8747992515563965
1.9080376625061035
1.9415311813354492
1.9748163223266602
2.0080885887145996
2.0414116382598877
2.074720621109009
2.1080682277679443
2.14140248298645
2.174750566482544
2.2080764770507812
2.2414255142211914
2.2747347354888916
2.308067560195923
2.341391086578369
2.3747193813323975
2.4081003665924072
2.441410541534424
2.474865674972534
2.5081188678741455
2.5414488315582275
2.5747406482696533
2.6081087589263916
2.6414177417755127
2.674747943878174
2.7080588340759277
2.741407632827759
2.7747552394866943
2.8080966472625732
2.841403007507324
2.87463641166687
2.9080514907836914
2.941429615020752
2.9747798442840576
3.008258581161499
3.0414319038391113
3.0747485160827637
3.1080939769744873
3.1414053440093994
3.174802780151367
3.2079434394836426
3.2414023876190186
3.27474045753479
3.3080759048461914
3.3414111137390137
3.374781608581543
3.408076524734497
3.4414219856262207
3.474761724472046
3.5081286430358887
3.541506767272949
3.5747263431549072
3.6080801486968994
3.6414132118225098
3.674731969833374
3.7080516815185547
3.7414040565490723
3.7746636867523193
3.808063268661499
3.8414177894592285
3.8746538162231445
3.9080822467803955
3.941455602645874
3.9747390747070312
4.0081706047058105
4.041490077972412
4.074807167053223
4.1080944538116455
4.141439199447632
4.174741744995117
4.208071947097778
4.241415023803711
4.274730920791626
4.308065891265869
4.341385126113892
4.374751091003418
4.408061742782593
4.441399097442627
4.474711894989014
4.5080366134643555
4.541423320770264
4.574713945388794
4.608098983764648
4.641388654708862
4.674750089645386
4.708069324493408
4.741427421569824
4.774747610092163
4.808067321777344
4.841409921646118
4.874747276306152
4.908074378967285
4.941408395767212
4.974738597869873
5.008105039596558
5.041401624679565
5.07474684715271
5.108142852783203
5.141427993774414
5.174737215042114
5.20803689956665
5.241455078125
5.274740695953369
5.308075428009033
5.341402053833008
5.3746256828308105
5.408076763153076
5.441389083862305
5.474737644195557
5.508047819137573
5.541390419006348
5.574748754501343
5.608145713806152
5.64153528213501
5.6747822761535645
5.708002090454102
5.741410493850708
5.774739742279053
5.808066368103027
5.841245412826538
5.874780654907227
5.908085584640503
5.9414098262786865
5.974738121032715
6.0080790519714355
6.041395902633667
6.0747458934783936
6.108039617538452
6.141526937484741
6.174767971038818
6.208128452301025
6.241415023803711
6.274735450744629
6.3080854415893555
6.341444969177246
6.374713659286499
6.408067941665649
6.4413979053497314
6.474727153778076
6.507960081100464
6.541410207748413
6.574760675430298
6.608081102371216
6.641383171081543
6.674865007400513
6.708064079284668
6.741411209106445
6.774710655212402
6.808079242706299
6.841418981552124
6.874707937240601
6.908078193664551
6.94139838218689
6.974660634994507
7.008065700531006
7.041401386260986
7.074573040008545
7.107965707778931
7.141411066055298
7.174738168716431
7.208145618438721
7.24142861366272
7.274751901626587
7.308078289031982
7.341379642486572
7.374773979187012
7.40807843208313
7.441399097442627
7.474721908569336
7.508077621459961
7.541374921798706
7.5745861530303955
7.6080567836761475
7.641467809677124
7.67473030090332
7.708178520202637
7.7414867877960205
7.774766206741333
7.808079719543457
7.841387748718262
7.874738454818726
7.908055067062378
7.941411972045898
7.974715709686279
8.008085489273071
8.04140853881836
8.07471776008606
8.108064413070679
8.141375541687012
8.1747407913208
8.208072662353516
8.241525411605835
8.27475643157959
8.308076858520508
8.341423749923706
8.37474536895752
8.408081293106079
8.441420555114746
8.474734783172607
8.508070945739746
8.541258096694946
8.574742555618286
8.608080625534058
8.641441822052002
8.674599170684814
8.708070993423462
8.741395711898804
8.774857521057129
8.808059453964233
8.841375827789307
8.874741077423096
8.908067226409912
8.941383123397827
8.974739789962769
9.008079767227173
9.04140043258667
9.074568271636963
9.108080387115479
9.14139723777771
9.174784660339355
9.207945346832275
9.241400480270386
9.27483320236206
9.30826735496521
9.341434955596924
9.37474274635315
9.408053874969482
9.44141173362732
9.474695444107056
9.508055686950684
9.541288614273071
9.574737310409546
9.608035564422607
9.641409873962402
9.674755811691284
9.708091735839844
9.74137258529663
9.774720191955566
9.808116674423218
9.841541528701782
9.874799489974976
9.908073425292969
9.941422462463379
9.974730968475342
10.008074760437012
10.041415691375732
10.074744462966919
10.108094215393066
10.141401290893555
10.1747145652771
10.208078861236572
10.241401195526123
10.27475118637085
10.308091640472412
10.341500282287598
10.374777555465698
10.408095359802246
10.441437482833862
10.474745988845825
10.507930278778076
10.541404008865356
10.574781656265259
10.608076095581055
10.64141058921814
10.674740314483643
10.708067893981934
10.741405010223389
10.774747371673584
10.80806040763855
10.841421604156494
10.874825239181519
10.908104181289673
10.941419124603271
10.97477102279663
11.00810170173645
11.041409492492676
11.0747389793396
11.108077049255371
11.141412496566772
11.174631834030151
11.208078145980835
11.241464376449585
11.274717807769775
11.308066368103027
11.341322660446167
11.374860525131226
11.408149242401123
11.44141936302185
11.474726438522339
11.508066415786743
11.54140019416809
