-0.15672380313747808	-1.204290273192419	0.06872104215404101	-2.334970497534774	0.06057088667366894	1.1993651788234712	1.7143626004641535
-0.15671851342393642	-1.2042955720633792	0.06872120298811397	-2.3349733086674807	0.06056895097049956	1.1993684340318045	1.7143625999252106
-0.15672129748369518	-1.2042902823498374	0.06872927384537739	-2.33497553084211	0.060568039827875696	1.19936731505394	1.7143648384372367
-0.15672129748369518	-1.2042902823511332	0.06872611003068456	-2.3349733176624663	0.06056895530108209	1.19936731505394	1.7143622466226989
-0.15672658719723684	-1.2042927880036203	0.06872398423969463	-2.3349730613893147	0.06056982253972936	1.1993673150539426	1.7143594215677833
-0.15672129748369518	-1.2042902823498374	0.0687239841316894	-2.33497090968591	0.06056891587668374	1.1993684340318045	1.714355780044897
-0.15672380313747808	-1.2042927880036203	0.06872193592265614	-2.3349655132494447	0.06056484336618791	1.1993651788234712	1.714359362954387
-0.15672129748369518	-1.2042955720633792	0.06872120007192879	-2.3349737667842385	0.060569970651057035	1.1993684340318045	1.7143635610230592
-0.15672658719723684	-1.2042927880036203	0.06872143631893135	-2.334973314608787	0.06056803544315581	1.19936731505394	1.7143614640557119
-0.15672129748369518	-1.2042927880036203	0.0687247015132421	-2.3349715701649334	0.06056997260782453	1.1993684340318045	1.7143650116052935
-0.15672129748369518	-1.2042927880049161	0.06872332888711095	-2.334973308955914	0.06056997209660047	1.19936731505394	1.7143537249536067
-0.15671851342393642	-1.2042927880036203	0.06872398413170405	-2.3349761421394297	0.06056540374941368	1.1993684340318045	1.7143567672342788
-0.15672380313747808	-1.2042902823498374	0.06872398413168762	-2.3349680157377026	0.060565757594620184	1.1993661960760753	1.7143627392548482
-0.15672380313747808	-1.2042955720633792	0.06872120007148329	-2.334973305452639	0.06056802667438247	1.1993684340318045	1.7143567856399347
-0.15671851342393642	-1.2042902823498374	0.06872332597092577	-2.33497091273488	0.06056802667437972	1.19936731505394	1.714365917990237
-0.15672129748369518	-1.2042927880036203	0.0687293001989027	-2.3349780363451487	0.06056895486783024	1.1993661960760753	1.714352414335502
-0.15672129748369518	-1.2042955720633792	0.06872398413168757	-2.334973305564503	0.06056571954144976	1.1993661960760753	1.7143592433872643
-0.15671851342393642	-1.2042955720633952	0.06872120010807943	-2.334975532049977	0.06056996821530729	1.1993651788234712	1.714355309579208
-0.1567318769107785	-1.2042902823498374	0.06872398414368852	-2.3349780373793325	0.06056997259980534	1.19936731505394	1.7143605405436304
-0.15672658719723684	-1.2042927880036203	0.06872398413183572	-2.334973308541868	0.060568481809383276	1.1993684340318045	1.7143580213916445
-0.15672129748369518	-1.2042955720633792	0.06872398413168757	-2.334970803867419	0.060569840567647505	1.1993661960760753	1.7143513074706291
-0.15672129748369518	-1.2042902823498374	0.06872398704787458	-2.3349733054554296	0.0605699329849505	1.19936731505394	1.7143557455904466
-0.15672129748369518	-1.2042955720633792	0.06872120298811397	-2.3349732997976616	0.06056895519082661	1.1993684340318045	1.714361186940159
-0.15672380313747808	-1.2042955445912795	0.06872719845447174	-2.3349768828717883	0.06056997260574548	1.1993684340318045	1.714360323101111
-0.15672380313747808	-1.2042955720633792	0.0687239841316894	-2.3349680157502624	0.06056803966546305	1.1993684340318045	1.7143626003204449
-0.15672129748369518	-1.2042927880036203	0.06872120007192879	-2.3349708028513168	0.0605689420373326	1.1993684340318045	1.7143583619296303
-0.15672380313747808	-1.2042955720633792	0.06872648978547045	-2.3349765538706486	0.06056890716875972	1.1993684340318045	1.714362599989458
-0.15672380313747808	-1.2042955720633792	0.06872401037735419	-2.3349708272709613	0.06056997259973078	1.19936731505394	1.7143636560528706
-0.15672129748369518	-1.2042902823498374	0.0687212000732622	-2.3349740777617236	0.06056803977352425	1.1993673019719875	1.7143535469324125
-0.15671851342393642	-1.2042955720633792	0.06872471901035318	-2.3349708028499148	0.0605698147658206	1.19936731505394	1.7143602447828667
-0.15672658719723684	-1.2042902823498374	0.06872720133465463	-2.334973387867547	0.060568955192828795	1.1993684340318045	1.7143501884747463
-0.15672129748369518	-1.2042920462569295	0.06872127880892868	-2.334975838589689	0.06056997260782362	1.19936731505394	1.7143614808403156
-0.15672380313747808	-1.2042955720633792	0.06872120007237327	-2.3349708832312435	0.06056997114631694	1.199369553009669	1.7143509426660692
-0.15672129748369518	-1.2042927880036203	0.06872120039594937	-2.3349708256711765	0.06057084721311216	1.19936731505394	1.714365839191463
-0.15672658719723684	-1.2042927880036203	0.06872398445570814	-2.3349703233978776	0.06056802667428347	1.1993661960760753	1.7143593037763765
-0.15672658719723684	-1.2042927880036203	0.06872122631759542	-2.3349718162651465	0.060569972607821786	1.1993661960760753	1.714355711421894
-0.15672129748369518	-1.2042927880036203	0.06872398413213213	-2.3349760617456945	0.0605676918360922	1.1993684340318045	1.7143580213903151
-0.15672380313747808	-1.2042955720633792	0.06872648978547045	-2.33497584808668	0.060567767156246906	1.1993661960760753	1.7143569038677804
-0.15671851342393642	-1.2042902823498374	0.06872120010812861	-2.3349761714203914	0.060569972589781335	1.19936731505394	1.7143583025360816
-0.15672380313747808	-1.2042955720633792	0.06872648978547045	-2.3349730250752674	0.06057088743144765	1.1993661960760753	1.7143637787937658
-0.15672129748369518	-1.2042902823498374	0.06872611003068456	-2.3349733879811123	0.06056997260782148	1.19936731505394	1.7143670632937302
-0.15672380313747808	-1.2042902823498374	0.06872648978547045	-2.334970808954826	0.06056997260181012	1.1993684340318045	1.7143467802548962
-0.15672129748369518	-1.2042927880036203	0.06872398413168757	-2.334968018804119	0.06056690419380044	1.1993673150539372	1.7143644459793346
-0.15672129748369518	-1.2042927880036203	0.06872398413302097	-2.334970803190478	0.06056765237553553	1.19936731505394	1.7143581839101947
-0.15672380313747808	-1.2042902823498374	0.06872120039594937	-2.3349636028614236	0.06056895529507543	1.1993661960760753	1.7143557785907557
-0.15672129748369518	-1.2042927880036203	0.06872649010949103	-2.33497553069271	0.06056895091592349	1.1993661960760753	1.7143492691180655
-0.15672129748369518	-1.2042927880036203	0.06872649010949103	-2.33497553069271	0.06056895091592349	1.1993661960760753	1.7143492691180655
-0.1567265872092376	-1.2042927880036203	0.06872398413170402	-2.3349733096473155	0.06056784607097707	1.1993673743936748	1.7143581822958074
-0.15672380313747808	-1.2042927880036203	0.0687212005044007	-2.3349733054979005	0.060569604309985856	1.1993661960760753	1.7143502474004073
-0.15672129748369518	-1.2042902823498374	0.06872120008393139	-2.3349758233153124	0.06057088759320395	1.19936731505394	1.7143550049964504
-0.15672380313747808	-1.2042955720633792	0.06872649854602676	-2.334973332923859	0.06056484352068233	1.1993684340318045	1.7143614215990846
-0.15672658719723684	-1.2042927880036203	0.06872927708548986	-2.3349733176610648	0.060568866252149134	1.1993684340318045	1.714351329066576
-0.15672380313747808	-1.2042955720633792	0.06872398413168776	-2.334968263111034	0.06056895534920321	1.1993684340318045	1.7143610890455165
-0.15672380313747808	-1.2042927880036203	0.06872398510374929	-2.3349758112180963	0.0605688369737731	1.19936731505394	1.7143548046854011
-0.15672380313747808	-1.2042955720633792	0.06872398413168757	-2.3349766383210935	0.060568823802013	1.19936731505394	1.7143593009495808
-0.15672129748369518	-1.2042955720633792	0.06872120007192879	-2.33497806381521	0.060570888081038575	1.19936731505394	1.7143605400422968
-0.15671851342393642	-1.2042902823498374	0.06872120007192879	-2.334973332940614	0.06056802667438248	1.1993661960760753	1.7143567860763516
-0.15672129748369518	-1.2042902823498374	0.06872120007194525	-2.3349680188278588	0.060566416761865416	1.19936731505394	1.7143670763935976
-0.15672380313747808	-1.2042955720633792	0.06872398414368833	-2.334970799810021	0.06056997244476653	1.1993684340318045	1.714362129046711
-0.15672129748369518	-1.2042902823498374	0.06872398416768985	-2.334973305791819	0.060568955174788344	1.199369553009669	1.7143616464236149
-0.15672380313747808	-1.2042902823498374	0.06872720716746945	-2.3349742944510172	0.06056895530109076	1.1993661960760753	1.7143624827443562
-0.15671851342393642	-1.204298077717162	0.06872401037735602	-2.334973561857508	0.06056997260782422	1.1993661960760753	1.7143535467729036
-0.15672129748369518	-1.2042874982900786	0.06872120007207695	-2.3349655100839697	0.06056890712066957	1.19936731505394	1.7143532486269852
-0.15672129748369518	-1.2042955720633792	0.0687212000840796	-2.334975779121002	0.06056997206652848	1.19936731505394	1.714358009273405
-0.15672129748369518	-1.2042955720633792	0.06872190870492778	-2.334968016077328	0.060569849839206144	1.19936731505394	1.7143501856321641
-0.15672658719723684	-1.2042927880036203	0.06872398704787824	-2.3349735537176306	0.060570888134500005	1.1993684340318045	1.7143591238733473
-0.15672129748369518	-1.2042927880036203	0.06873006121522811	-2.334971050099277	0.06056997260781628	1.1993661960760753	1.7143560513911456
-0.15672129748369518	-1.2042927880036203	0.06872398413169001	-2.3349707999105194	0.06056895534853755	1.1993661960760753	1.7143535032740576
-0.15671851342393642	-1.2042927880036203	0.06872398413168757	-2.3349758144962443	0.060568836973745294	1.19936731505394	1.7143512491246367
-0.15672129748369518	-1.2042927880036203	0.06872120007192879	-2.334973398385949	0.06056894214752233	1.19936731505394	1.7143610890456664
-0.15672129748369518	-1.2042955720633792	0.06872120007193427	-2.334976552855926	0.06056803982720743	1.19936731505394	1.7143579050874451
-0.15672380313747808	-1.2042955720633792	0.06872648978547045	-2.334973034312679	0.0605688369737731	1.199369553009669	1.7143535469335205
-0.15672658719723684	-1.2042902823498374	0.0687264897855363	-2.334968760538294	0.060569972444764704	1.19936731505394	1.7143540781463749
-0.15672129748369518	-1.2042927880036203	0.06872648989347731	-2.3349691398085843	0.06056997260781523	1.19936731505394	1.7143567861294648
-0.15671851342393642	-1.2042927880036203	0.06872120007192879	-2.3349680187943957	0.06056803982787651	1.19936731505394	1.714361481504001
-0.15672658719723684	-1.2042927880036203	0.06872120007192879	-2.3349788086163943	0.06056752844468937	1.19936731505394	1.714359382104592
-0.15672380313747808	-1.2042927880036203	0.06872648978547045	-2.3349740746700327	0.060569822694120874	1.1993684340318045	1.7143624827445771
-0.15672129748369518	-1.2042902823498374	0.06872648978547045	-2.3349680157921346	0.06056575467097796	1.19936731505394	1.7143581839108633
-0.15672129748370067	-1.2042927880036203	0.06872398413168941	-2.3349740472358422	0.06056764376155214	1.1993651788234712	1.7143600087566897
-0.15672380313747808	-1.2042927880036203	0.06872648978548875	-2.334973305802966	0.06056997260779978	1.1993661960760753	1.7143557325623286
-0.15671851342393642	-1.2042955720633792	0.06872120007192876	-2.3349733064854767	0.060567022575272446	1.19936731505394	1.7143625567121654
-0.15672129748369518	-1.2042927880036203	0.06872120007192879	-2.3349718986816006	0.06056894214752236	1.1993651788234712	1.7143520747429484
-0.15672380313747808	-1.2042955720633792	0.06872398413168757	-2.334971186288107	0.06056893765483936	1.1993661960760753	1.7143656633810642
-0.15672380313747808	-1.2042902823498374	0.06872120039728828	-2.334975534120618	0.060569968205283285	1.19936731505394	1.714359889899223
-0.15672129748369518	-1.2042927880036203	0.06873139974422623	-2.3349758114573693	0.06056848182141177	1.1993661960760753	1.714353075981471
-0.15672658719723684	-1.2042958016516405	0.06872657727102588	-2.3349733085041633	0.060568914270849775	1.19936731505394	1.7143624822600765
-0.15672380313747808	-1.2042955720633792	0.06872120007192879	-2.3349733056019812	0.06056997260782453	1.1993684340318045	1.7143638800359746
-0.15672380313747808	-1.2042902823498374	0.06872651603113708	-2.334970797181067	0.060568039809833406	1.1993684340318045	1.7143545481747038
-0.15672129748369515	-1.2042902823498374	0.06872120007192879	-2.3349733054638615	0.060569854057949304	1.1993661960760753	1.7143537118714327
-0.15672380313747808	-1.2042927880036203	0.06872215658067428	-2.3349708364265274	0.06056996822132138	1.199366196076297	1.7143633531652762
-0.15672129748369518	-1.2042902823498374	0.06872120892849119	-2.334975530793756	0.06056800036536464	1.19936731505394	1.714358022845646
-0.15671851342393642	-1.2042849926362957	0.06872648978547045	-2.334968892600563	0.06056860020887377	1.1993684340318045	1.714362443928994
-0.15672380313747808	-1.2042927880036203	0.06872120007192879	-2.334975530691316	0.06056997239108325	1.1993661960700934	1.71436148149625
-0.15672380313747808	-1.2042927880036203	0.06872120007192879	-2.334975530691316	0.06056997239108325	1.1993661960700934	1.71436148149625
-0.15672129748369518	-1.2042927880036203	0.0687239844597084	-2.3349735527001396	0.06056860021087857	1.1993684340318045	1.7143614422577835
-0.15672129748369518	-1.2042927880036203	0.06872927384524569	-2.3349758114443446	0.06056895097072231	1.19936731505394	1.7143624209100725
-0.15671851342393642	-1.2042955720633792	0.06872398510374929	-2.3349757881276263	0.060569971146102325	1.1993684340318045	1.714365604185103
-0.15672129748369518	-1.2042927880036203	0.06872634624212869	-2.3349733412211404	0.060568907172786124	1.1993651788234712	1.7143647201891965
-0.15672129748369518	-1.2042927880036203	0.06872120007193062	-2.334975893564643	0.06056376494228104	1.1993661960760753	1.714363719453981
-0.15672380313747808	-1.2042874982900786	0.06872398446770951	-2.334970830673746	0.060566983114789114	1.1993661960760753	1.7143625990257416
-0.15672658719723684	-1.2042927879659355	0.06872120007192879	-2.3349765528409514	0.06056995799283101	1.19936731505394	1.7143514869198284
-0.15672129748369518	-1.2042927880036203	0.06872398413168757	-2.334970799797666	0.06056895533710278	1.1993684340318045	1.7143568644603453
-0.15672380313747808	-1.2042902823498374	0.06872120007192879	-2.3349708303345613	0.06056997260782362	1.19936731505394	1.7143571836100608
-0.15672129748369518	-1.2042927880036203	0.06872398445570814	-2.3349733329240143	0.06056753329830972	1.199369553009669	1.7143513089049058
-0.15672380313747808	-1.2042927880036203	0.06872120007370668	-2.3349711294632756	0.06056993314734212	1.1993661960760753	1.7143648855837381
-0.15672342338269216	-1.2042927880036203	0.06872398413169305	-2.33496827316145	0.06056895519283124	1.1993684340318045	1.7143603646869987
-0.15672129748369518	-1.2042874982900786	0.06871906920587807	-2.334978599175506	0.060567528877726214	1.1993684340318045	1.714349071004973
-0.15672129748369518	-1.2042955720633792	0.06872648978547045	-2.33497083981901	0.060568955355220326	1.1993651788234712	1.7143611267781314
-0.15672380313747808	-1.2042902823498374	0.06872398413302097	-2.3349707997974765	0.06056484347467093	1.1993684340318045	1.7143571705281089
-0.15672380313747808	-1.2042955720633792	0.06872127880892868	-2.3349758389166215	0.06056895535522036	1.19936731505394	1.7143579051074112
-0.15671851342393642	-1.2042955720633792	0.06872120007207695	-2.3349708835722662	0.0605688311277757	1.19936731505394	1.7143627780168604
-0.15672129748369518	-1.2042927880036203	0.0687184163361906	-2.3349733054556365	0.06056895529908562	1.19936731505394	1.7143602978099517
-0.15672380313747808	-1.2042958016516405	0.06872648978547051	-2.3349755432404553	0.06056961594785376	1.19936731505394	1.7143547252517874
-0.15672380313747808	-1.2042927880036203	0.06872398413183572	-2.3349707998018197	0.06056895389297757	1.1993684340318045	1.7143511779974294
-0.15672380313747808	-1.2042955720633792	0.06872398414368833	-2.3349758114440564	0.06056883648059181	1.19936731505394	1.714355756201114
-0.15672380313747808	-1.2042927880036203	0.06872398413302098	-2.3349733054513115	0.06056981325004314	1.1993661960760753	1.7143604071631886
-0.15672658719723684	-1.2042955720633792	0.06872649853447046	-2.3349733054638047	0.06056891589473794	1.1993661960760753	1.7143588845160893
-0.15671851342393642	-1.2042955720633792	0.06872120011193132	-2.3349707997974596	0.06057084867401759	1.1993684340337984	1.7143501463943078
-0.15672658719723684	-1.2042902823498374	0.06873248910407284	-2.3349680981553953	0.06056571958964746	1.199369553009669	1.7143580052415375
-0.15672380313747808	-1.2042902823498374	0.0687239841316894	-2.3349655134881484	0.06056980954864875	1.19936731505394	1.7143557437061134
-0.15672658719723684	-1.2042927880036203	0.06872120039595485	-2.334973304583353	0.060565759050129876	1.19936731505394	1.714363772931736
-0.15672658719723684	-1.2042955720633792	0.06872611014269167	-2.3349740471979334	0.060570888135165535	1.1993661960760753	1.7143501900007165
-0.15672658719723684	-1.2042955720633792	0.06872398413169122	-2.334975811117587	0.060567684677512175	1.1993661960760753	1.714360958064048
-0.15672380313747808	-1.2042927880036203	0.06872672599780354	-2.3349708028499667	0.060569928762175804	1.19936731505394	1.7143512695712193
-0.15672380313747808	-1.2042955720633792	0.06871841601218648	-2.334970246443903	0.060565623136704425	1.1993684340318045	1.7143557717303504
-0.15672380313747808	-1.2042902823498374	0.06872649010949103	-2.3349733879932035	0.06056997114632519	1.19936731505394	1.714365918169909
-0.15672658719723684	-1.2042927880036203	0.06872422034273662	-2.334973336993283	0.060568039773637006	1.1993661960760753	1.7143537244628704
-0.15672380313747808	-1.204287495237623	0.06872398413168757	-2.334973559181897	0.060570874975651494	1.199368434032026	1.714360009289142
-0.15672129748369518	-1.2042874982900786	0.06872422034268925	-2.3349733054517134	0.06056484352679563	1.1993684340318045	1.7143627784953963
-0.15672129748369518	-1.2042927880036203	0.0687264897855199	-2.3349736355682573	0.0605696125737008	1.199369553009669	1.714359239134285
-0.15672658719723684	-1.2042927880036203	0.06872399676849	-2.3349757831392157	0.06056894068609727	1.1993684340318045	1.714360501274951
-0.15672658719723684	-1.2042927880036203	0.06872120104786421	-2.3349741296148525	0.06057088808103868	1.19936731505394	1.7143557842441162
-0.15672658719723684	-1.2042955720633792	0.06872398413169305	-2.3349765803238154	0.06056997255077069	1.1993684340318045	1.7143614682606283
-0.15672129748369518	-1.2042927880036203	0.0687268187716904	-2.3349735528133655	0.060569703665125985	1.1993684340318045	1.7143480113309861
-0.15672129748369518	-1.2042955720633792	0.06872406286870601	-2.3349733006672437	0.060565640674614514	1.1993661960760753	1.714351304617955
-0.15671851342393642	-1.2042955720633792	0.06871849485719322	-2.334970800136623	0.06056996806086341	1.1993684340318045	1.7143648384378922
-0.15672380313747808	-1.2042902823498374	0.06872659488814459	-2.3349768001006126	0.06056997065908082	1.19936731505394	1.714350067416084
-0.1567212974836951	-1.2042955720633792	0.06872406297669431	-2.334968052367638	0.060567889868064474	1.19936731505394	1.7143536062721467
-0.15672129748369518	-1.2042927880036203	0.06872649270165583	-2.334973237865343	0.060568955353215555	1.19936731505394	1.714350190000594
-0.15672380313747808	-1.204298077717162	0.06872672599647012	-2.334974024208022	0.06056803966525645	1.1993661960760753	1.7143592420774945
-0.15672380313747808	-1.2042902823498374	0.06872648989747757	-2.3349733879806127	0.060570397063367844	1.1993661960760507	1.71435350752505
-0.15672129748369518	-1.2042927880036203	0.06871841601217005	-2.334973387905226	0.06056997194015181	1.1993661960960142	1.71435378278589
-0.15672129748369518	-1.2042927880036203	0.06871912464516901	-2.334978036346493	0.060568039771733945	1.1993651788234712	1.714365957415766
-0.15672129748369518	-1.2042927880036203	0.06871912464516901	-2.334978036346493	0.060568039771733945	1.1993651788234712	1.714365957415766
-0.15672380313747808	-1.2042927880036203	0.06872120007193427	-2.334974051268035	0.06056960430931209	1.1993661960760753	1.7143530759832433
-0.15672380313747808	-1.204298077717162	0.06872649108155275	-2.33498084787711	0.060568955282750546	1.19936731505394	1.7143481845528699
-0.15672380313747747	-1.2042955720633792	0.06872399288424336	-2.3349708256706556	0.06056895533027162	1.1993684340318045	1.7143545467211536
-0.15672129748369518	-1.20429278800362	0.06872398413170402	-2.3349708399334603	0.06057088808103593	1.1993651788234712	1.714362208023581
-0.15672658719723684	-1.2042902823498374	0.06872648978547045	-2.3349735527001414	0.060570532990826466	1.199367374393675	1.7143648253373396
-0.15672658719723684	-1.2042902823498374	0.06872398423974382	-2.3349730342451975	0.060565403911802394	1.1993661960760753	1.7143568863715646
-0.15671851342393642	-1.2042927880036203	0.06872648978547047	-2.3349708001743057	0.06056767868258981	1.1993661960760753	1.714356786130356
-0.15672380313747808	-1.2042955720633792	0.06872398413568781	-2.3349733059039255	0.06056996822332649	1.1993684340318045	1.7143501884925438
-0.15672129748369518	-1.2042874982900786	0.06872398413302097	-2.33497058903966	0.060568915894704825	1.1993684340318045	1.7143614770895013
-0.15672129748369518	-1.2042955720633792	0.06872120007192879	-2.3349711335451575	0.06056697439485112	1.19936731505394	1.714365482086866
-0.15672380313747808	-1.2042955720633792	0.06872398414502356	-2.334968015737856	0.06056894945509336	1.199369553009669	1.714365015002892
-0.15672658719723684	-1.204298077717162	0.06872648978547045	-2.3349708822137645	0.060569968060934926	1.19936731505394	1.714360146149015
-0.15671851342393642	-1.2042933468233075	0.06872332597092577	-2.3349733057796374	0.06056677582135833	1.1993661960760753	1.714359230464379
-0.15672129748369518	-1.2042927880036203	0.06872120018014993	-2.3349758033814867	0.06056891584038463	1.1993661960760753	1.7143591112579661
-0.15672658719723684	-1.2042902823498374	0.06872191745348333	-2.3349759209936307	0.06056697439262092	1.199369553009669	1.7143546613183123
-0.15671851342393642	-1.2042927880036203	0.06872648978534045	-2.3349758121364252	0.06056484352880053	1.1993684340318045	1.7143533897174015
-0.15671851342393642	-1.2042955720633792	0.06872398413168818	-2.334978048894086	0.06056575905604253	1.1993684340318045	1.7143614378975758
-0.15672129748369518	-1.2042927880036203	0.06872927384522923	-2.334973314863452	0.0605708748192071	1.19936731505394	1.7143531922661552
-0.15672380313747808	-1.2042902823498374	0.06872398413168757	-2.334973305451243	0.060566736685654154	1.19936731505394	1.7143481300582775
-0.15672129748369518	-1.2042955720633792	0.06872120050395684	-2.33497355285522	0.060570888129153885	1.1993683162942346	1.7143502493345608
-0.15672129748369518	-1.2042927880036203	0.06871844225783665	-2.334970799797061	0.06056895533717614	1.19936731505394	1.7143481300642178
-0.15672129748369518	-1.2042955720633792	0.06872120007192879	-2.334973553830679	0.06057088806291742	1.19936731505394	1.7143637149191968
