-0.000693333738325453	0.0013231987673530535	-0.001541627719303318	0.001410881755934702	0.00037387830351359323	-0.000951291757304786	0.0015221047968718819
0.0016023374596000734	-0.0011894407368083799	-0.0007708511518188336	0.00039051125724785747	-0.00011202135994661414	0.0003365940429935789	0.001212760511095083
0.0005878597828325821	0.0006830723963007653	0.002325435778770722	0.004593647127837582	-0.00040707559296915177	-8.967255775106558e-06	0.002552577301621193
0.0005095845805307525	0.0007404036472796702	-1.7160931105696673e-05	-0.00015450838976542765	-0.00018302687166983465	0.00026040504186274776	0.001068274466219005
-0.0012829673266317402	-0.00018514225129599195	-0.0004921703381517953	0.0013067586406607236	0.000496572435105179	8.376646989812045e-05	0.0014297376574649925
-0.00017625122192153314	0.0005672732441100565	-6.487677678908196e-05	0.0009219440465475475	-2.621383758655399e-05	0.0002596636750380705	-0.0012709706697953055
-0.0003391143707016876	-0.0005081759435114788	-0.0005617828997482282	0.002297475321359916	-0.0004190206146094553	-0.0009897346966463688	0.0005058287525929186
0.0005489697200275266	-0.0007338886042841428	-0.001521497697733796	0.0005103441116634205	0.00027435501631912514	0.0001220819056165299	0.001076710089515406
-0.0005440486316563317	-0.0003157790097032947	-0.0011774848669767024	5.257921084253676e-05	-0.000154749861076748	-8.749586134365581e-05	0.0011043185258082853
0.0007644355906747478	0.00036592064421315704	6.840932362054723e-06	0.0003308809052151866	0.0003719308844787434	0.00014488470922598392	0.0038169924197034313
0.0003095950985395346	0.00015927389128801722	-0.0009336544680876762	-0.000162997978116128	0.0003313476146879926	0.00020155711597783798	-0.0010596215338362245
0.0018285721163017114	2.4398974150300332e-05	-0.0002022130065975428	-0.000835540605059225	-0.00034397675181945523	0.00024850117619071684	-0.0009323968656492257
-8.10174001039079e-05	0.000664430153756843	0.000275194263639614	0.0013222039585733668	-9.186286474431364e-05	-2.079681165032737e-05	0.002437540430114303
-0.000773551830605383	-0.0012022403825593423	-0.0007543776663069245	-5.890919611062136e-05	-0.00042354427897825227	0.0005121068858838211	-0.001225657273430116
0.0016522548155346887	0.00029785530662508966	-0.00048014692927226356	0.0007013016574304476	-0.00021921696521757364	-7.432719130183242e-05	0.0026113213766917344
0.00023546664848837054	-0.0001386855185627926	0.0015692211919853827	-0.000867548870018492	0.0001676465121077691	-0.00014636497945042616	-0.0019116248264517827
0.0002017359082503861	-0.00026243237536159803	-0.00016706764232183831	-0.00041235695724356334	-0.00013504780902489724	-0.0003665533577088344	0.0001170075614086975
0.0008487183516813071	-0.00035307966754002473	-0.0009414868075493654	-0.00017148628661305094	1.6936814038491022e-05	-0.000901836076631826	-0.0012049742534895821
-0.0032112599375819493	0.0007991312801738156	0.0008491683623475095	-0.0011587601838265625	0.0003253800900104951	-0.00016046084988884066	0.0028620818488165013
-0.0010303641481520798	0.00037911270661625604	0.0002526177619153331	-0.00046422593097607945	-0.00021583722533984374	0.00010341624773835945	0.0008600007437174198
0.0007585761101048331	0.0001565992084403567	0.000321242120236513	0.000613260877160882	7.519275691653472e-05	-0.0005767910718300357	-0.0032647427875232473
0.0011385287681447973	0.0007149183260916147	0.00046148083360124327	-0.00047612449389866483	0.00024845520418559017	5.675383900554866e-06	-0.0008513036080490915
-0.0003598229297876151	-0.0007505572089696094	-0.0009350206897746866	-0.0014748496428831316	-0.00013093108988755412	0.00031104967246221925	0.002818172996619552
-0.00046660343071126516	-0.0005786303066166079	0.001064949715366843	-0.0012936024814953098	0.00024670694251584127	0.0006160799383468199	0.0011457765652343656
-4.141173832382138e-05	-0.0001501554568724061	0.0007924888731440897	0.0017233552066771602	-0.0003926337678351096	0.00027866855792975425	0.0005899980330947278
0.0006200367550164968	-0.0010552433542270622	-0.0009472891826089276	0.0005217533464720646	-0.00015780643051119568	0.0003523787872153336	0.0014035177371644657
-0.0003608616583289989	-0.0006339609360263028	0.0008567796788166985	-0.001123388741918684	0.00022901385207861296	0.00018365193234630686	0.0011564425649853974
-0.00044240310408733685	-0.0004250849951069628	0.0003075671459863975	5.589572585527333e-05	0.00015089474463322262	-0.0003445638836838178	0.0023850568961722913
-5.7234799140975014e-05	5.986581656519607e-05	-0.00012519784300946718	-0.0005749451175239817	-0.0005640420433038607	-0.0002610281926716047	-0.002085005874103195
0.0020531998763774267	-0.0007136421883589608	-0.00018153162532610431	0.0009441543589922332	9.162262102138899e-05	-6.548494627413969e-05	0.0011970356477723793
-0.001223675369935604	0.0012186248100624084	0.0007968047847906613	-4.2075307406700145e-05	-0.0002814441356903618	0.00046885459688381965	-0.0029311527580703827
0.0002102976515484463	-0.0002288430537852372	-0.0016809685351916457	-0.0007854135325603066	0.0001359330230623798	-0.0001648887946620117	9.246134698830301e-05
-9.483286507261614e-05	-0.0008935288410586413	-0.0008959135187308249	0.00026659493128240416	0.0003173419111411005	0.0006067943212932236	-0.0028975815978583997
-0.00023801004164365378	9.013124870560396e-05	-0.0008216721720710205	0.0002547869044234362	0.0005263896674400311	-6.648570484993791e-05	0.002567168510723095
-0.0013774606587361735	0.00012874641879338105	0.00016215299873393175	0.00213996341607965	-0.0003729258068710416	-0.0004880100107941091	0.0017262676751190595
-0.0013836020574658492	0.00017123557345718988	-0.0011643151046458553	0.0008890622115381001	0.00012235233557101262	-0.000494438799691003	0.00036732324003633783
-0.00012048370729919242	-0.0002733412964818927	-0.00030294231425646043	-0.001248957210360071	0.0006852978943099706	0.00033616458815248013	-0.0005955475683761517
-0.000549713817960791	-0.000598227852390282	0.0007364533908306325	-0.0015722952362743371	-7.998609691866933e-05	-0.0003952253076853184	-0.000591409817768831
0.001152279409195522	0.0074554476186149184	-0.0008470318886584998	-0.0016703563764088835	9.358410322530217e-05	-6.347265952638245e-05	0.001436114017393991
2.3177705885405e-05	-0.0010550827992913344	8.362792424218945e-05	1.6111788732862712e-05	0.000551797944936019	-0.00035822683816954533	0.0025962149498482898
0.0003977874239123334	0.001436183557975112	0.0004902451101080706	0.0003502978639146909	4.89322153465819e-05	0.004280449542589022	0.0032205112294776185
-0.0009192746443964191	0.0013702362038285885	0.0008373659105079365	0.0005950836584037068	0.00019993277687350514	0.00032626045020031137	-0.004652658575886165
0.001005084300189981	8.486014545786567e-05	6.947881342881264e-05	0.0011723596327268705	-0.0007664122824443952	2.387677952904176e-05	0.0029508934599950737
-6.716561915471957e-05	-0.00048725116988782626	0.00011314281967905789	0.0008304602946269252	0.00032705005830738687	7.516488822658999e-05	-0.00020322846299767784
0.00027458137315319116	0.000989203055047673	-0.0006849320657120691	0.0027378557353209382	7.607190960306342e-07	-0.0002689253470980052	-0.0005036462371096759
0.0006308409800989923	-0.00018475861461238652	0.00026175915411632455	-0.00030684396203997985	-3.92747692035764e-05	-0.00017428707511929197	-0.002123427084310852
0.0006308409800989923	-0.00018475861461238652	0.00026175915411632455	-0.00030684396203997985	-3.92747692035764e-05	-0.00017428707511929197	-0.002123427084310852
-0.0016783875163047827	0.00044662153043252464	-0.0003989624698006507	-0.00036648621915020554	0.00010883855796399084	0.0003066897414719469	-0.0002527920460021932
-9.725845854388626e-05	-0.00042623996782666557	-0.0009314306870417044	9.613235477330644e-06	0.00039694682913730034	-2.56839341609062e-06	-0.003122278331155325
0.0010565030339169687	0.0012802404911125217	-0.0012040364417262698	-0.0037336011255075276	0.00032986421780813267	-0.00014836391116391473	0.00010360960708508158
0.00018489330287154183	-0.0007258224080937619	0.00042989782105008815	-0.0007566037271290924	-0.0005577215783697911	0.00022173912067359594	0.0016786456001065613
-0.0009796197362366985	4.0979289379907395e-05	0.0013079307608846174	0.00018592632784255353	8.308406124014332e-05	3.1157691079597363e-05	-0.0026311588258034007
8.066243411290878e-05	-0.0006357467108500572	-0.0007194198362276865	0.0013483620019313217	-0.0003025261391930877	0.0003265076412755895	0.0009064557782255389
-8.902303254509416e-05	0.0008316524511966502	0.0003929659028115515	-0.0012988609608276642	5.70820349683604e-05	0.00013167929827402085	-0.00013674532805183222
-0.00040302337343989594	-0.0012846883209513005	6.096528301408525e-05	-0.0011683736212184984	-8.624567663891532e-05	0.00012139585396305543	0.0011591128461899594
0.0003490586649716898	-0.0002949242094024657	-0.0010228075217275639	-7.37809304321189e-05	0.00043528119241976424	0.00016436593127730321	0.0018278996015155195
0.0012954039602742933	0.0016006208522111132	-0.0007985828249579167	0.0004246630781957699	-0.00043560775184962126	-0.00046143824464254667	-0.0005705301646286271
0.0003912519282482437	-0.002152332490494826	-0.0009052330560538907	0.0018058679424633995	1.3228411960921896e-05	-0.00015080091758722894	0.0033485905285224543
-0.000273960807821774	-0.0007902979298508215	0.0003527680612305391	0.0005680396598988468	0.00016398491397503803	0.00019720787581025464	0.0011131015964823772
0.0005923724256525451	0.0009828535172807058	-0.0002634652142279333	-0.0006375430527451785	-4.002515321549958e-05	0.0005598535714444168	0.0023516801506141514
-0.00040884464539414243	0.0015021541494495746	0.0004668800917407834	-0.0007591542181775192	-5.649061797835507e-06	-0.0004585968794841956	0.0007378297490990396
0.0011352655337385075	-0.0021569978695297766	5.4701423125363994e-05	-0.00011231448225494747	0.00010608095238628416	-0.0002633979818126437	-0.0014128391690121716
0.0012487878863147652	0.0022350732824946862	-0.0006706532729993756	0.00250821706797645	3.17929231385851e-05	-2.2278765490259694e-05	-0.0019896258238617593
0.0003369033926982061	-0.0011780537300946047	-0.000574842071453399	-0.0008986414041581088	0.0002823065349654949	-7.774932581509495e-05	-0.00045361124920839977
-8.18982281036199e-05	-0.001415771581380917	-0.0012927564793733168	0.001359853471890848	0.0002089189506784458	-0.00010486654516748839	-0.003590425421553032
-0.0020010436605086804	0.00023399508001529422	-0.00016180497047910424	-3.104843019256223e-05	0.0005027152206131901	0.000324191190648706	-0.00047723157114833473
0.00017234654375153835	0.00010797400776596987	0.002064323280233321	0.0004167102735909589	0.0001583685548929146	-0.00016811276833682243	0.00013450963067845499
0.0006038395692271893	0.0006140847291248384	-0.00021724683079810228	0.0006004461498387171	-0.00018885402273596634	-0.0005432340784522151	-0.0024689283290188348
0.0016275867953077733	0.0003179934067902938	0.0003618422668047921	-0.0003578132510076111	-0.0004938013809001694	-0.00037585395809034116	-0.0020447338828832886
0.0004022030953327586	-0.0003576403402743765	-0.001006243067235767	-0.000316332726516519	-0.0002584042503175156	-0.00025071603970840193	0.0021054058559663255
-0.000266586795259397	-0.0007001530223908477	-0.0009285720100802187	-0.001367085203839526	-0.0006471985480105303	-0.0002189150750131455	-0.0005402676562750731
-0.0005239420661809789	-0.001026778524013312	0.0007532787581806105	0.003617444170629299	-0.00015506666905433627	0.0006359119330689584	-0.0021669287483740713
-0.0015508371016965438	0.0009317880591387294	0.0013865994823388896	0.0013625870210964466	0.00020471537422318373	-0.0003113953968609989	-0.0007204868010216574
0.0006608920316284551	0.0003827080743283075	0.0009358131365661732	0.00015792125855826976	0.00018167356292653796	-0.00022017371634548902	-0.0007986748923829262
0.0012564193274166304	-0.0006845310817639881	-0.0007542227544061742	0.0017162253016281513	-0.0005436291476967957	-0.00010412780696756406	0.0009311221214745644
-0.0021116935191221567	-0.00027391369403663126	-0.0009319790822482879	-0.0008707518681989189	-9.288585840838249e-05	0.00016004195272416004	0.0008848226547355583
-0.0003299648644385821	-2.073536411228327e-05	0.0008530301166443661	-2.7066797930436983e-05	0.0002575137469272376	0.00018635982211348662	0.0018073959077451306
0.0005385855023493164	0.0007764758992874687	0.000958788352112669	0.0016711576015099876	-0.0002555238295012653	-0.00013229767764132047	-0.000328552916338902
0.0006699064602274994	-9.04238773859211e-05	0.00028901338571528124	-0.0013814110536782076	-0.00047667286115651045	-0.0006906095713468282	-0.00010558808697889137
-0.0004941613644639982	1.4162567065674763e-07	0.0007252871508848297	-0.00017614946480889695	0.00025127041656743696	-0.0006221055323362792	-0.001803074766918635
0.0013129420031649493	-0.001391744950814075	-0.0004727395663297315	-0.00045280973618540553	-0.0008531374795434208	0.0001339962997181982	0.0023656554368347003
0.000668590149070896	0.0007057901656561143	-0.00374076795587523	0.0019347169784112311	-0.0001323130314664661	-0.00036264333510298004	-0.003081358676407778
-0.0009276877177367816	-0.0008889101879198223	-0.0002355885899724178	0.00219458140580888	-0.00011616467562167592	-0.0004892508930987268	0.003276408266472553
-0.0007529650378867772	0.0013953709191453054	-0.0010376627138687258	-0.004769788637192038	0.00037308054458899827	8.573124765415804e-05	0.00013314934339994424
0.00029830568840348126	-0.00035081320398194375	0.002382155570888476	-0.0009482484317013154	-0.0002527776591944241	-0.0003234005749799546	-0.0025478521468957484
-0.0008737932433375706	-0.000947795958113161	0.0006886072761462001	-0.0003954694415487286	0.00014632041481989726	-0.00018771580042223593	0.001092740158616345
-0.00018499916917901727	-0.0007407778569520321	-0.0006983115947062885	0.00035008737568948084	0.00021694744785766975	0.0002664070322864292	0.00318241449067571
-0.0006784333202847811	0.000747575401039633	0.0008820255562686083	-0.0004529849971797508	-0.0005145619221632775	3.0327870941187042e-05	-0.002690745841873
0.0008062591838784655	0.0006811365388019438	-0.0013227771938356624	0.00011063204168234632	0.0003379207830266456	-0.0005412451623761486	-5.7162259775165266e-05
7.365880801240883e-05	-0.0019339236335517412	-0.0010509333908904146	0.00017700399709980367	0.00017987540671852254	-0.00026927844254738623	0.0029468605118506868
0.0004214652393128853	0.0015131299492488932	-0.0009651179873301467	5.119121679016097e-05	-0.0004332455551094054	-0.0003413548989101121	0.00012418647240446736
0.0013876036139309593	0.0030444512571916175	0.00062058811375074	0.0006478337683033433	-5.153642559095949e-05	0.00015139502364343307	0.0032269111269932096
-0.0006829874611396405	-7.465187730804194e-05	-0.0006919195891194819	-0.0004058749137412937	0.0001584822527990715	-0.0032286260586724806	0.001428429390557819
-0.0006829874611396405	-7.465187730804194e-05	-0.0006919195891194819	-0.0004058749137412937	0.0001584822527990715	-0.0032286260586724806	0.001428429390557819
0.0002068245390068642	0.0007330654114605097	-0.0003257319832120491	-0.00031759230295429436	-7.648902377204151e-05	0.0004766000071671903	0.0008521254829842974
0.0009003346830914512	0.0010390319756446525	0.0013796515581440602	-0.0008178181203482598	-0.00019685384176062445	-0.0009084075075384761	0.002929485223626269
0.0012397206864452053	-0.001250350549749368	4.182457521698536e-05	-0.0008853133232853881	0.00013172264860544173	0.0004263514309228473	0.002638559782892337
0.0005854575531745241	0.00022807756456425508	-0.0010781884035858096	-0.0003337357807390387	1.9341914081260192e-06	-0.000621741773271866	0.0024730917583151786
0.00040503046916533464	0.00020993538693462116	-0.0011319505485005597	-0.0012238554813024769	-0.0002515935934560781	-0.0002608608037862947	0.000521585933478335
-0.0003142823470552863	0.0015625798179391723	-0.0002164748195781364	0.0004143633230067264	-0.000974788651176954	-0.00016514688893344107	0.0020570160638510512
-0.0013361313510647044	-0.00034281375685086266	-0.0014526042804136573	-0.000333154506864282	0.0001931465944494035	-0.00013543358491260909	-0.0008577917029537973
0.0004439774563096057	0.0009505216844414173	0.0003677278354156118	0.00032893764057022334	-0.00019101596117083541	0.0002465210532654115	-0.0006288649957043074
-0.0003495990086157855	0.0007270665341733773	-0.0010052381961372947	0.00021555035569336198	0.00014290907920592444	-4.800202447576179e-05	0.0005497666657892902
0.00024234499762692887	0.0002977128637089859	0.0004907287079848856	3.3003678557508484e-05	-0.00026265811165603856	0.0005776069207865058	-0.0033646561688783234
-0.000691908937249987	0.00010215281152013135	-0.0014433625178569534	0.000257766000044997	0.0002151106116999923	-0.0007809262610087251	0.003088766523558423
0.00037297634764608717	0.0006861538763236598	-0.00037213148249967546	0.002077530172728909	-0.0002829972301091391	0.000341837467425968	-5.055445523155141e-06
-0.00010382286220993657	0.0019256683545769342	-0.0007401634674413309	-0.0024475833260463936	-7.704526240111706e-05	9.938945022656468e-05	-0.0026212936799897765
0.0007571097882126261	-0.0010071725261801526	0.0012037804498062645	0.0005765644810004363	-1.6996917276677942e-05	-0.0006926433414116458	0.0008399532121193763
0.0003131267823105761	0.0009766906395170499	0.0004950183317552043	0.0004106502322525758	-0.0004893904862386253	0.00031351121174936884	0.00012801349025335057
-0.0005376784058305336	-0.0012904967593140165	-0.0014968782447323768	-0.002707015070123984	7.831068732455753e-05	0.00013247252495287882	-0.0007808886950720157
0.0016592475981255165	-0.0010625712761000326	-0.0006710790881649032	0.0010586191430576129	5.515798660688898e-05	-6.823120959837837e-05	0.0035470874468598677
0.0009885394408730517	4.5908243904496163e-05	-0.002220620920846616	0.00026514786753412426	-6.359306439098733e-06	0.00010411668533947663	0.001587472283640889
-0.0006625195458640098	-0.0010915513314810465	0.00107677273649152	-0.000828757972653568	0.00028147666103655705	-0.00011607464662817726	-0.001125596920076417
-0.0005933983925688616	-0.0005831679991012258	0.00022540270142022337	0.00030972993627026093	-0.0001705652548813004	0.0001230428535414675	-0.002667430663887396
-0.0009471597289153766	-0.0004710054157273002	-0.0003135060352456751	-0.0013573884070662528	-0.00029456350201488405	-0.00042582983802625605	0.0008120895334852537
-0.00015776781893333503	0.0009601207971976107	7.762190758215294e-05	0.005329996506183059	0.00011792122089018535	-0.0007347935310292657	0.003933547261131553
-0.0009148865706311125	4.6877518958378703e-05	0.0008137660104488502	-0.000891897237788965	-0.0001087130605079005	-0.00010348716829653869	-0.0002844669410698418
0.0015877090972450966	-0.00021968573062442748	-0.0007964796770052583	0.00045414666812007066	0.0004980442239699344	0.0004008352290919075	-0.0037901584800064435
-0.0009943664239604004	0.0009756613563438624	0.0020132023425424393	0.0012385492194894275	-9.92857921276918e-05	0.0004973872934522353	-0.0007275630354587065
-0.00030942682637514373	0.0009723383085374469	0.00012055964956836711	0.0026701600914739642	0.0004087950781390377	-0.0001438403239345942	-0.00112615464692738
-0.0012825367933015758	1.7139824531362284e-05	-0.0017789534449962289	0.0007343635450616084	0.0002021139082965787	-0.00013056498712285384	0.0020402039783436253
-0.0007850198442365347	-0.0008582027538526255	0.00037392982560673386	-0.0002526598082959245	0.0004921156688938627	-0.0006325762464617396	-0.0038412668838777382
-0.0010373949663065687	-0.00019681316803712604	0.00028917007399721975	-0.0016120824866301317	-0.0005126631432180828	-0.0002860035571854712	0.001900154724742256
-0.0006475737860998577	0.0007065723273683241	0.0005982313635561608	0.0003108995481797574	0.00024511611727141754	1.0328134686986741e-05	-0.00287138598600413
-0.0006028317655236715	-0.0006298488485880696	-0.0019542966253357696	-1.9341187907186315e-05	-4.9266785006691526e-05	0.0005111726144830638	-0.0022123367523975454
-0.000555139819639265	0.0006926928826193276	0.0010216065330051335	-0.0004108470732528226	0.00027022395946741805	-6.019528411937712e-05	0.002716765558651921
-0.0013513775100058266	-0.0008781751931600107	-0.00043556588245709466	0.00017137435812739188	-0.00043630884609414597	-0.0006630242965951492	-0.0002865211548866963
-0.0007293558513000837	0.002150017040539744	0.0003070706552655684	-0.0002693884610237803	0.0005611424908586444	0.00023808412668644465	0.0005742193450603146
0.0002774918474341886	0.002176182972737785	0.000630549096275246	-0.00016592385303928052	-0.0003710360660412989	0.00025922264103033985	0.003287435718518019
0.0003745249155684298	-0.00021220505820987256	0.0006112119667484667	0.00023929110335110316	0.0003927630296351958	0.0006979588947288302	-2.0612197214115114e-05
-0.0015463434500876607	-0.000185210789092315	0.0012697462717811063	-0.001456609014818562	-4.2115622936443455e-05	0.00016473734792190334	0.001643297303214564
-0.001099539750005176	0.0003684876949092235	-0.0008637440395040442	-0.0005551398996849313	0.0006874951914196944	0.004191220732767536	-0.000887128959282408
-0.001338090648051368	-0.001199726441197246	-0.0005478936920292276	-0.001875629012917904	0.0001245943922965167	0.00046288051732908906	0.0011761211277542178
0.0007462537243758599	-0.00032830770598907917	0.0005145872489013839	-0.0007556838660369014	0.0002915055581064128	-0.001431188106711793	-0.003902413149761701
0.0006177031041771533	-0.000988591008775129	0.0002472892960660121	-0.00024481688302358716	-8.515688420091847e-07	-0.0003146411143590269	-0.001970608070697831
0.0007449557366678454	-0.0005602559969921855	-0.0019476263549004973	-0.00036013690516945013	0.0004096615531666635	0.0009113781077250132	0.0017267896309978896
-0.0004043045218822137	0.0010947392007877952	0.0010698029135686677	-0.0004963115832697998	0.0002497180247582891	0.00012966758777500234	-0.002785284848101563
0.0007523085924379745	-0.0005444380333576264	0.0002671367273493203	0.001769004142889683	4.0666447463433785e-05	-0.0002379595001794285	-0.0011887897786582032
0.00040091617549809427	0.000618307706607734	0.0011965285813826118	0.00468500168241309	-0.00015730846679963065	-0.00013908288433055687	-0.0029965433525603394
-0.000859196872619506	-0.0021839258081254895	0.0011517139905443576	0.0017931787129809073	-0.0002954237520183632	-0.0003682771992072293	-0.0007637190465990435
8.144455599114517e-05	0.0009753377896643133	0.0004601691091285543	-0.0006810906204803059	0.000417110234599785	-0.0001202460132425374	-0.002222480643892086
0.0004875398541087111	-6.709683633458687e-05	-0.0014539076414356248	-0.00028399645043695256	0.00020344572961097533	4.825198867589747e-05	-0.0005547565340102575
-3.668170210929115e-05	-0.00012644870470117223	-0.0016417907343476523	-0.0004195937385028669	-0.0004157903881253652	-0.0007817315998874097	0.002742710730874589
-3.668170210929115e-05	-0.00012644870470117223	-0.0016417907343476523	-0.0004195937385028669	-0.0004157903881253652	-0.0007817315998874097	0.002742710730874589
-0.00041854358240350515	-0.00026339232858798184	-0.0010527901866608875	0.0004440036589385194	0.0003427479408259266	-0.00060280491721264	-0.002175791915239245
-0.0010774294373499045	-0.0018336599448605501	0.0011551604072056964	-0.001382228058065177	-0.0002951975453338507	-6.259074165700338e-05	-0.001168974241077095
-0.00040371351619775326	-0.0014918055341239121	-0.0006872629711710882	0.000514875177752727	-0.00022545106500721643	0.0003640216625138744	-0.001420331642920223
0.0005582808928706453	7.060605161928423e-05	-0.0002705006021179082	0.0006580322107278556	0.0004426219582270106	-0.0007183051122106134	0.0005474905700658346
-0.0015966893746856153	0.0008449175332349936	0.000692506969757662	0.00031901291483975384	0.000562537728751124	0.0004738742558291921	0.0013494884888103297
-0.0010794063890680714	0.0011562084865455484	0.0003036243127447784	0.00042613754005136885	-0.00042684224014253496	-0.00032586132441754745	-0.0007239244192158608
0.0017158099323099165	0.00042167829746622823	0.0008134352763455852	0.002396176105138893	0.0002876623529249476	-0.00037310988157463084	-0.0003068416699702071
-0.001013966061748345	-0.0011007792973061889	-0.00028215044048864014	2.950234439938799e-05	0.0002727759316050231	0.0003607473517161207	-0.0013384413368413514
0.0005178259537801913	0.0016895584502350407	-3.164798611085386e-05	-0.00589864019616916	-3.4636420808681223e-06	0.00021351719288576458	0.0014103425141280997
0.00035836204630600594	-0.0006001256865567358	-0.0008499003069719637	0.0005241809234403434	-0.00044965920454824925	-0.00010263498704239447	0.0020063834232467476
-0.00039978228158349226	-0.0014950411463658855	0.00017953093501823326	0.0024127466064025813	-0.0002585996373752045	0.0006120130191922984	0.003940157891183627
-0.002089147504496221	-0.0014297483191695304	0.0005571176318754321	0.0008365428339384762	4.858224687476704e-05	0.00036386858466017183	0.0020946291762096955
0.0014570161584086898	0.005643923562623013	-0.001202220292385952	0.0002282019047498361	0.00012105451453180667	-0.0004886546476057717	-0.0002458930573684449
0.0006896079974630051	-0.0002184660715743752	-0.0009139804750137429	0.003349348846624022	-0.00033924939230906107	-0.0004466318731153506	0.0002455547955203197
-0.0010812585010759334	0.0009567196358300372	-0.0004887627697599194	-0.0012958260985913514	-0.00030894540434354696	0.0006216842720903097	-0.0017911570110788525
0.0014198492967251095	0.0008203592028754572	0.0022436735346341692	-0.0014247225660206598	-0.0005248126068933242	0.00048121215620079304	-0.002736731400028376
0.0015726257418551073	-0.0005641412756741788	0.0002464002316181459	-0.001251958011581501	-6.17211877989526e-05	0.00038813769770474265	0.0008098187786717731
0.0009539722025759209	0.0004720993367465487	0.0017004256376005587	-0.0004572970611296799	0.0004484555499724687	-0.00011956178854852246	-0.0018415801731334579
-0.00100307831500673	0.0009911582306621237	0.0007619891329979982	-0.00011356590821483617	0.0003063556132619291	-5.572891088830703e-05	-0.003461248210885627
-1.8938325723764052e-05	2.997806931576332e-05	-0.0012266076949306575	-0.000858848507842347	0.000563775131437156	0.0002623261032587245	-0.0029252010155179373
0.0005284624386532346	8.842753250513935e-05	-0.0019234698791090403	0.00020574486173570344	-0.00012579888740191903	2.9455301699985448e-06	-0.002631421970148131
0.0009031898815379677	-0.0007210693490311479	-0.0008031635392159867	-0.0002680305652376333	0.0006418837949564541	0.00018719284676324528	0.0013535468167145208
