0.0015270709991455078
0.03487372398376465
0.06821680068969727
0.10146164894104004
0.13488316535949707
0.16805720329284668
0.20151710510253906
0.23485183715820312
0.2682170867919922
0.30151987075805664
0.33484649658203125
0.3681962490081787
0.4015614986419678
0.434887170791626
0.46822118759155273
0.5015325546264648
0.534874677658081
0.5682427883148193
0.601477861404419
0.6348602771759033
0.6682610511779785
0.7015628814697266
0.7348453998565674
0.7681987285614014
0.801525354385376
0.8349006175994873
0.8682022094726562
0.9015254974365234
0.9347453117370605
0.9682013988494873
1.001521348953247
1.0348424911499023
1.0682225227355957
1.1014845371246338
1.1348276138305664
1.1682071685791016
1.201526165008545
1.234853982925415
1.2682030200958252
1.3015556335449219
1.3348338603973389
1.3682291507720947
1.4014842510223389
1.4347047805786133
1.4680535793304443
1.5014994144439697
1.534883737564087
1.568227767944336
1.6015880107879639
1.6348450183868408
1.6682276725769043
1.7015507221221924
1.7348790168762207
1.7682108879089355
1.801520586013794
1.8348851203918457
1.8681976795196533
1.9015576839447021
1.9348890781402588
1.9681918621063232
2.0015456676483154
2.03487229347229
2.0681209564208984
2.1015305519104004
2.1348626613616943
2.168257236480713
2.2015297412872314
2.2348663806915283
2.2681891918182373
2.301548480987549
2.334890127182007
2.3682034015655518
2.4015257358551025
2.4348344802856445
2.4681410789489746
2.5015604496002197
2.534886121749878
2.5682055950164795
2.601423978805542
2.6348793506622314
2.6680667400360107
2.701554536819458
2.734882354736328
2.768153667449951
2.8015191555023193
2.834867238998413
2.8682098388671875
2.9014389514923096
2.9348714351654053
2.9682164192199707
3.001465082168579
3.034848213195801
3.0681726932525635
3.1015074253082275
3.1348729133605957
3.168203830718994
3.2015419006347656
3.2348930835723877
3.2681283950805664
3.301544427871704
3.3348052501678467
3.368098735809326
3.4015262126922607
3.4348621368408203
3.4681930541992188
3.501544713973999
3.5348944664001465
3.568223476409912
3.6015355587005615
3.634864091873169
3.6682257652282715
3.7015323638916016
3.7349166870117188
3.7682371139526367
3.8014044761657715
3.834862470626831
3.868206024169922
3.901569128036499
3.934870481491089
3.968229055404663
4.001503944396973
4.034892320632935
4.068206071853638
4.101556062698364
4.134874105453491
4.168212890625
4.201519727706909
4.23487114906311
4.268202543258667
4.301526069641113
4.3348541259765625
4.368204355239868
4.401548147201538
4.434899806976318
4.468203783035278
4.501521110534668
4.5348663330078125
4.568192958831787
4.601515054702759
4.634780406951904
4.66817307472229
4.7014853954315186
4.7348527908325195
4.768275260925293
4.8015358448028564
4.834897994995117
4.86821436882019
4.901541471481323
4.934932231903076
4.968308687210083
5.001560926437378
5.034875869750977
5.068197250366211
5.101523399353027
5.1348512172698975
5.168187856674194
5.201504468917847
5.234842300415039
5.268213748931885
5.3015241622924805
5.334894418716431
5.368191719055176
5.401525974273682
5.4348533153533936
5.468204021453857
5.501399993896484
