0.025577545166015625
0.05881667137145996
0.09210824966430664
0.12543034553527832
0.15886569023132324
0.19207191467285156
0.2254166603088379
0.25870203971862793
0.2920875549316406
0.32541441917419434
0.3587501049041748
0.392061710357666
0.4254152774810791
0.45870018005371094
0.49216389656066895
0.5254795551300049
0.5587913990020752
0.5920987129211426
0.6253950595855713
0.6585831642150879
0.6920909881591797
0.7254281044006348
0.7587354183197021
0.7921004295349121
0.8254070281982422
0.8587937355041504
0.8920919895172119
0.9255130290985107
0.9587435722351074
0.9920828342437744
1.0255305767059326
1.058847427368164
1.0921082496643066
1.125434398651123
1.1587629318237305
1.1920833587646484
1.2253785133361816
1.2587580680847168
1.2920997142791748
1.3254265785217285
1.3587629795074463
1.3920965194702148
1.4253301620483398
1.4587297439575195
1.492077112197876
1.5254173278808594
1.5589115619659424
1.5921075344085693
1.625420331954956
1.6587486267089844
1.6921350955963135
1.7254488468170166
1.7587685585021973
1.7920916080474854
1.8254239559173584
1.8587605953216553
1.8920974731445312
1.9254350662231445
1.9587650299072266
1.9920880794525146
2.0254147052764893
2.0587940216064453
2.092207908630371
2.1254589557647705
2.158658266067505
2.1920859813690186
2.2254247665405273
2.258746862411499
2.2921395301818848
2.3254191875457764
2.35874342918396
2.392073392868042
2.4254353046417236
2.458767890930176
2.4920544624328613
2.525434732437134
2.5586130619049072
2.5921578407287598
2.625494956970215
2.658820867538452
2.6921305656433105
2.7253637313842773
2.758671760559082
2.7920854091644287
2.825418710708618
2.8587589263916016
2.892092227935791
2.9253969192504883
2.958780288696289
2.992021322250366
3.025416135787964
3.0587408542633057
3.092089891433716
3.1255247592926025
3.1588010787963867
3.1919572353363037
3.2254221439361572
3.2587826251983643
3.2921226024627686
3.3254213333129883
3.358677625656128
3.3920888900756836
3.4254226684570312
3.45875883102417
3.4920496940612793
3.525391101837158
3.5587635040283203
3.5920705795288086
3.625410795211792
3.658874988555908
3.692103147506714
3.725410223007202
3.75874924659729
3.792081356048584
3.825416088104248
3.858750343322754
3.8920938968658447
3.9254167079925537
3.9587574005126953
3.9921793937683105
4.025404453277588
4.058759689331055
4.092082738876343
4.125502586364746
4.158790349960327
4.192162990570068
4.225433588027954
4.258754253387451
4.292088031768799
4.3254170417785645
4.358707666397095
4.392052173614502
4.425419330596924
4.4587414264678955
4.492083787918091
4.52539587020874
4.558769226074219
4.59208345413208
4.625426292419434
4.658744812011719
4.692204236984253
4.725398540496826
4.758744239807129
4.792083978652954
4.825411796569824
4.858771324157715
4.8920722007751465
4.925418376922607
4.958760499954224
4.992088317871094
5.0254223346710205
5.058755874633789
5.092061758041382
5.1254050731658936
5.158752918243408
5.19208836555481
5.225565433502197
5.258695363998413
5.292108535766602
5.325313091278076
5.358758211135864
5.3920886516571045
5.425373554229736
5.458766937255859
5.4920947551727295
