0.22826868295669556	-24.306650161743164	0.5326507091522217	12.651493072509766	-0.1577649563550949	1.688288927078247	-0.4410252273082733
0.22826868295669556	-24.306650161743164	0.5326507091522217	12.687198638916016	-0.1486096829175949	1.688288927078247	-0.4721531569957733
0.18859583139419556	-24.532785415649414	0.5326507091522217	12.687198638916016	-0.1486096829175949	1.638850450515747	-0.5325779914855957
0.30364710092544556	-24.608163833618164	0.6477019786834717	12.949039459228516	-0.09550909698009491	1.451167345046997	-0.4309544265270233
0.03783899545669556	-24.497079849243164	0.4175994396209717	13.325931549072266	0.01893182098865509	1.391658067703247	-0.5728611946105957
0.07751184701919556	-24.532785415649414	0.5683562755584717	12.913333892822266	0.09858269989490509	1.352290391921997	-0.4721531569957733
0.34331995248794556	-24.873971939086914	0.7984588146209717	13.250553131103516	0.11597771942615509	1.381587266921997	-0.5527195930480957
0.18859583139419556	-24.838266372680664	0.6477019786834717	13.361637115478516	0.1690783053636551	1.342219591140747	-0.5627903938293457
-0.03753942251205444	-24.989023208618164	0.5326507091522217	13.401309967041016	0.2569689154624939	1.332148790359497	-0.4822239577770233
0.0021334290504455566	-24.989023208618164	0.5683562755584717	13.476688385009766	0.2661241888999939	1.282710313796997	-0.4922947585582733
0.15289026498794556	-24.873971939086914	0.6834075450897217	13.849613189697266	0.3540148138999939	1.302851915359497	-0.5728611946105957
0.07751184701919556	-24.989023208618164	0.7984588146209717	13.698856353759766	0.3897203803062439	1.292781114578247	-0.5829319953918457
-0.15259069204330444	-24.873971939086914	0.4572722911834717	13.849613189697266	0.4254259467124939	1.332148790359497	-0.5829319953918457
-0.03753942251205444	-24.838266372680664	0.5683562755584717	14.075748443603516	0.4867662787437439	1.352290391921997	-0.5930027961730957
-0.03753942251205444	-24.913644790649414	0.4929778575897217	14.186832427978516	0.5490221381187439	1.282710313796997	-0.4410252273082733
-0.18829625844955444	-24.989023208618164	0.6080291271209717	14.075748443603516	0.5664171576499939	1.262568712234497	-0.4721531569957733
-0.07721227407455444	-24.949350357055664	0.5683562755584717	14.524051666259766	0.5398668646812439	1.352290391921997	-0.4510960280895233
0.0021334290504455566	-24.873971939086914	0.5326507091522217	14.599430084228516	0.5398668646812439	1.292781114578247	-0.5426487922668457
-0.03753942251205444	-24.838266372680664	0.5683562755584717	14.710514068603516	0.4776110053062439	1.371516466140747	-0.5225071907043457
-0.11291784048080444	-24.572458267211914	0.5326507091522217	14.750186920166016	0.5572618842124939	1.342219591140747	-0.4922947585582733
-0.07721227407455444	-25.024728775024414	0.4929778575897217	15.047733306884766	0.6012071967124939	1.371516466140747	-0.5023655891418457
-0.34302037954330444	-24.687509536743164	0.07641291618347168	15.349246978759766	0.5664171576499939	1.461238145828247	-0.3906712234020233
0.15289026498794556	-24.231271743774414	0.6834075450897217	14.972354888916016	0.5041612982749939	1.391658067703247	-0.3906712234020233
0.5337496399879456	-24.270944595336914	1.0642669200897217	15.420658111572266	0.5133165717124939	1.371516466140747	-0.4309544265270233
-0.03753942251205444	-24.608163833618164	0.3422210216522217	16.245853424072266	0.4867662787437439	1.500605821609497	-0.5225071907043457
-0.6445340514183044	-23.739328384399414	-0.19336247444152832	15.646793365478516	0.5398668646812439	1.262568712234497	-0.4721531569957733
0.26794153451919556	-24.231271743774414	0.4929778575897217	16.285526275634766	0.5224718451499939	1.381587266921997	-0.3705296218395233
0.6091280579566956	-23.624277114868164	1.0642669200897217	16.059391021728516	0.4336656928062439	1.352290391921997	-0.3705296218395233
-0.45410436391830444	-23.775033950805664	-0.22906804084777832	16.995670318603516	0.5572618842124939	1.451167345046997	-0.3091892898082733
-0.6088284850120544	-23.473520278930664	-0.3837921619415283	16.622745513916016	0.6103624701499939	1.292781114578247	-0.3705296218395233
0.49407678842544556	-23.322763442993164	0.7984588146209717	17.257511138916016	0.5664171576499939	1.420954942703247	-0.4309544265270233
-0.11291784048080444	-22.489633560180664	-0.15368962287902832	17.071048736572266	0.5664171576499939	1.302851915359497	-0.3403172194957733
-0.07721227407455444	-22.755441665649414	-0.11798405647277832	17.594730377197266	0.5572618842124939	1.401728868484497	-0.4721531569957733
0.0021334290504455566	-22.033395767211914	-0.15368962287902832	18.082706451416016	0.7248033881187439	1.352290391921997	-0.3604588210582733
-0.26764196157455444	-21.958017349243164	-0.5742218494415283	17.820865631103516	0.6195177435874939	1.342219591140747	-0.3091892898082733
0.18859583139419556	-21.731882095336914	-0.07831120491027832	18.229496002197266	0.6982530951499939	1.243342638015747	-0.3503880202770233
-0.11291784048080444	-21.085214614868164	-0.6892731189727783	18.868228912353516	0.6900133490562439	1.282710313796997	-0.3604588210582733
0.22826868295669556	-20.934457778930664	-0.4194977283477783	18.757144927978516	0.7513536810874939	1.312007188796997	-0.3604588210582733
-0.37872594594955444	-19.950571060180664	-1.0701324939727783	19.018985748291016	0.9106554388999939	1.312007188796997	-0.2890476882457733
0.0021334290504455566	-19.649057388305664	-1.0701324939727783	18.832523345947266	0.9188951849937439	1.193904161453247	-0.3192600905895233
-0.30334752798080444	-19.609384536743164	-1.4113190174102783	19.955265045166016	0.8401598334312439	1.371516466140747	-0.4007420241832733
0.15289026498794556	-18.736581802368164	-1.3002350330352783	19.729129791259766	0.9106554388999939	1.322077989578247	-0.3906712234020233
-0.18829625844955444	-17.943124771118164	-1.6017487049102783	19.431583404541016	0.9637560248374939	1.243342638015747	-0.2789768874645233
-0.18829625844955444	-17.225046157836914	-2.0976593494415283	19.915592193603516	0.9280504584312439	1.362361192703247	-0.3705296218395233
-0.37872594594955444	-17.336130142211914	-2.2127106189727783	19.653751373291016	1.0077013969421387	1.312007188796997	-0.3091892898082733
0.18859583139419556	-16.276865005493164	-2.1770050525665283	20.403568267822266	0.9811510443687439	1.352290391921997	-0.4309544265270233
-0.45410436391830444	-15.820627212524414	-2.8990509510040283	20.141727447509766	1.0608019828796387	1.213130235671997	-0.2890476882457733
0.49407678842544556	-15.027170181274414	-2.4031403064727783	20.514652252197266	1.1139025688171387	1.193904161453247	-0.3906712234020233
-0.9103421568870544	-14.610605239868164	-3.8908722400665283	20.590030670166016	1.0608019828796387	1.203974962234497	-0.2890476882457733
-0.9103421568870544	-14.610605239868164	-3.8908722400665283	20.590030670166016	1.0608019828796387	1.203974962234497	-0.2890476882457733
-0.15259069204330444	-13.813180923461914	-3.4703400135040283	19.804508209228516	0.9985460638999939	1.282710313796997	-0.3302464187145233
-0.15259069204330444	-12.527780532836914	-3.5496857166290283	20.292484283447266	1.0781970024108887	1.292781114578247	-0.3705296218395233
-0.7199124693870544	-12.527780532836914	-4.501833915710449	19.915592193603516	1.1221423149108887	1.154536485671997	-0.3604588210582733
-0.22796911001205444	-11.504220962524414	-4.541506767272949	21.113712310791016	1.0955920219421387	1.213130235671997	-0.2890476882457733
-0.7595853209495544	-10.782175064086914	-4.922366142272949	20.252811431884766	1.0873522758483887	1.411799669265747	-0.2689060866832733
-0.03753942251205444	-9.988718032836914	-4.652590751647949	19.879886627197266	1.1486926078796387	1.322077989578247	-0.3906712234020233
-1.0253934860229492	-10.139474868774414	-5.644412040710449	20.252811431884766	1.1843981742858887	1.332148790359497	-0.3604588210582733
-0.7199124693870544	-9.191293716430664	-5.569033622741699	20.066349029541016	1.2017931938171387	1.193904161453247	-0.3192600905895233
-0.5334500670433044	-7.941598415374756	-5.723757743835449	20.705081939697266	1.3162341117858887	1.243342638015747	-0.4309544265270233
-0.8349637389183044	-8.207406997680664	-6.179995536804199	19.955265045166016	1.1486926078796387	1.362361192703247	-0.3403172194957733
-0.18829625844955444	-7.298898220062256	-6.255373954772949	20.102054595947266	0.7870592474937439	1.292781114578247	-0.4007420241832733
-0.9857205748558044	-7.409982204437256	-6.906008720397949	20.328189849853516	0.7248033881187439	1.282710313796997	-0.3503880202770233
-0.26764196157455444	-6.465768337249756	-6.711611747741699	20.030643463134766	0.6369127631187439	1.302851915359497	-0.3906712234020233
-0.6445340514183044	-5.898446559906006	-6.981387138366699	19.768802642822266	0.5664171576499939	1.183833360671997	-0.3503880202770233
-0.34302037954330444	-5.557260036468506	-6.600527763366699	20.141727447509766	0.5664171576499939	1.243342638015747	-0.3604588210582733
-0.7199124693870544	-4.724130153656006	-7.286868095397949	19.729129791259766	0.3723253607749939	1.302851915359497	-0.23869368433952332
-0.49377721548080444	-5.216073513031006	-7.171816825866699	19.768802642822266	0.4336656928062439	1.312007188796997	-0.3403172194957733
-0.5691556334495544	-3.700570583343506	-7.132143974304199	19.693424224853516	0.4162706732749939	1.352290391921997	-0.4007420241832733
-0.6445340514183044	-3.851327419281006	-7.056765556335449	19.431583404541016	0.4510607123374939	1.233271837234497	-0.2789768874645233
0.18859583139419556	-3.284005641937256	-6.521182060241699	19.804508209228516	0.4428209662437439	1.322077989578247	-0.2588352859020233
-1.0650663375854492	-3.470468044281006	-7.401919364929199	19.205448150634766	0.4428209662437439	1.183833360671997	-0.24876448512077332
0.18859583139419556	-2.903146266937256	-6.675906181335449	19.280826568603516	0.5133165717124939	1.272639513015747	-0.3302464187145233
-0.7992581725120544	-2.335824489593506	-6.826663017272949	19.094364166259766	0.4428209662437439	1.312007188796997	-0.3806004226207733
0.26794153451919556	-2.145394802093506	-6.445803642272949	18.979312896728516	0.4776110053062439	1.173762559890747	-0.15721175074577332
-0.5691556334495544	-2.335824489593506	-7.056765556335449	19.502994537353516	0.4602159857749939	1.302851915359497	-0.2689060866832733
-0.26764196157455444	-1.3519378900527954	-6.219668388366699	18.269168853759766	0.4959215521812439	1.095027208328247	-0.3806004226207733
-0.6088284850120544	-1.4630218744277954	-6.600527763366699	18.903934478759766	0.4510607123374939	1.243342638015747	-0.16728255152702332
-0.15259069204330444	-1.9946380853652954	-5.723757743835449	18.868228912353516	0.6103624701499939	1.163691759109497	-0.2588352859020233
-0.7992581725120544	-0.7449432611465454	-6.255373954772949	18.792850494384766	0.4867662787437439	1.362361192703247	-0.3403172194957733
-0.5334500670433044	-0.9710785150527954	-5.834841728210449	18.531009674072266	0.4776110053062439	1.243342638015747	-0.22862288355827332
-0.5691556334495544	-0.9710785150527954	-5.989565849304199	18.832523345947266	0.4602159857749939	1.312007188796997	-0.3192600905895233
-0.34302037954330444	-0.9710785150527954	-5.188174247741699	18.419925689697266	0.5041612982749939	1.332148790359497	-0.2890476882457733
-0.7199124693870544	-0.328378289937973	-5.303225517272949	18.495304107666016	0.4959215521812439	1.312007188796997	-0.3604588210582733
-0.49377721548080444	0.08818665146827698	-4.997744560241699	18.118412017822266	0.3897203803062439	1.312007188796997	-0.22862288355827332
-0.5691556334495544	-0.21332702040672302	-4.922366142272949	18.455631256103516	0.4254259467124939	1.243342638015747	-0.3192600905895233
-0.22796911001205444	-0.7449432611465454	-4.236025810241699	18.717472076416016	0.4428209662437439	1.243342638015747	-0.22862288355827332
-0.15259069204330444	-0.328378289937973	-3.8908722400665283	18.419925689697266	0.3805651068687439	1.262568712234497	-0.3403172194957733
-0.41839879751205444	-0.13794860243797302	-3.9305450916290283	18.344547271728516	0.3988756537437439	1.253413438796997	-0.22862288355827332
-0.49377721548080444	-0.10224303603172302	-3.4703400135040283	18.304874420166016	0.3631700873374939	1.213130235671997	-0.3403172194957733
-0.30334752798080444	-0.443429559469223	-3.3195831775665283	18.419925689697266	0.4776110053062439	1.193904161453247	-0.3705296218395233
-0.49377721548080444	-0.06257018446922302	-2.8236725330352783	18.344547271728516	0.3540148138999939	1.173762559890747	-0.22862288355827332
0.26794153451919556	-0.026864618062973022	-2.5181915760040283	17.967655181884766	0.2395739108324051	1.381587266921997	-0.2588352859020233
-0.6088284850120544	0.12785950303077698	-2.4031403064727783	17.931949615478516	0.2569689154624939	1.441096544265747	-0.21855208277702332
0.7995577454566956	0.314321905374527	-1.4906647205352783	17.856571197509766	0.4254259467124939	1.490535020828247	-0.2890476882457733
-0.6088284850120544	-0.17762145400047302	-2.1770050525665283	17.820865631103516	0.1782335788011551	1.628779649734497	-0.2689060866832733
0.45440393686294556	-0.21332702040672302	-1.1058380603790283	17.967655181884766	0.3366197943687439	1.519831895828247	-0.4208836257457733
-0.6088284850120544	-0.6298919916152954	-1.4113190174102783	17.745487213134766	0.3274645209312439	1.519831895828247	-0.23869368433952332
0.22826868295669556	-0.403756707906723	-0.6496002674102783	17.967655181884766	0.4254259467124939	1.589411973953247	-0.24876448512077332
-0.5334500670433044	-0.5941864252090454	-0.9154083728790283	17.630435943603516	0.2304186373949051	1.461238145828247	-0.3091892898082733
-0.30334752798080444	-0.8599945306777954	-0.22906804084777832	18.082706451416016	0.3723253607749939	1.510676622390747	-0.2789768874645233
0.11321741342544556	-1.4630218744277954	-0.03863835334777832	18.344547271728516	0.4162706732749939	1.550044298171997	-0.3302464187145233
-0.41839879751205444	-1.2011810541152954	0.3025481700897217	18.158084869384766	0.3018297553062439	1.529902696609497	-0.2689060866832733
0.6448336243629456	-1.3876434564590454	0.6080291271209717	18.193790435791016	0.3100695013999939	1.599482774734497	-0.24876448512077332
0.6448336243629456	-1.3876434564590454	0.6080291271209717	18.193790435791016	0.3100695013999939	1.599482774734497	-0.24876448512077332
-0.6842069029808044	-1.9589325189590454	0.7984588146209717	18.118412017822266	0.2569689154624939	1.431025743484497	-0.3503880202770233
0.22826868295669556	-2.867440700531006	0.9531829357147217	18.903934478759766	0.4071153998374939	1.500605821609497	-0.2789768874645233
-0.26764196157455444	-2.260446071624756	1.2546966075897217	18.344547271728516	0.3366197943687439	1.519831895828247	-0.3806004226207733
-0.07721227407455444	-3.168954372406006	0.9531829357147217	18.642093658447266	0.3018297553062439	1.550044298171997	-0.23869368433952332
0.37902551889419556	-3.395089626312256	2.0203826427459717	18.868228912353516	0.3457750678062439	1.510676622390747	-0.3091892898082733
-0.26764196157455444	-3.811654567718506	1.8299529552459717	18.717472076416016	0.3631700873374939	1.470393419265747	-0.3503880202770233
0.15289026498794556	-4.724130153656006	1.7506072521209717	19.018985748291016	0.3631700873374939	1.441096544265747	-0.2789768874645233
0.03783899545669556	-4.569406032562256	2.1354339122772217	18.868228912353516	0.2926744818687439	1.431025743484497	-0.2991184890270233
-0.07721227407455444	-5.481881618499756	1.9807097911834717	19.431583404541016	0.3457750678062439	1.470393419265747	-0.19841048121452332
0.30364710092544556	-5.858773708343506	2.4766204357147217	19.431583404541016	0.3540148138999939	1.470393419265747	-0.2991184890270233
-0.11291784048080444	-6.390389919281006	2.3615691661834717	19.018985748291016	0.2221788913011551	1.609553575515747	-0.3091892898082733
0.0021334290504455566	-7.334603786468506	2.0560882091522217	19.693424224853516	0.3100695013999939	1.560115098953247	-0.2588352859020233
0.49407678842544556	-7.148141384124756	2.7821013927459717	19.578372955322266	0.3457750678062439	1.529902696609497	-0.2689060866832733
0.30364710092544556	-8.092355728149414	2.8971526622772217	19.018985748291016	0.2487291842699051	1.470393419265747	-0.20848128199577332
0.03783899545669556	-8.925485610961914	2.0957610607147217	19.653751373291016	0.2926744818687439	1.420954942703247	-0.4108128249645233
0.15289026498794556	-9.230966567993164	2.4766204357147217	19.431583404541016	0.3897203803062439	1.500605821609497	-0.2689060866832733
0.45440393686294556	-9.837961196899414	3.0875823497772217	19.431583404541016	0.7165636420249939	1.391658067703247	-0.3503880202770233
0.07751184701919556	-11.012277603149414	2.3615691661834717	19.804508209228516	0.7165636420249939	1.500605821609497	-0.2789768874645233
0.49407678842544556	-11.163034439086914	2.4369475841522217	19.205448150634766	0.7165636420249939	1.411799669265747	-0.3302464187145233
0.30364710092544556	-11.730356216430664	2.4012420177459717	19.840213775634766	0.8044542670249939	1.480464220046997	-0.2890476882457733
-0.15259069204330444	-12.678537368774414	1.7506072521209717	18.832523345947266	0.9637560248374939	1.322077989578247	-0.23869368433952332
0.03783899545669556	-13.245859146118164	2.2108123302459717	19.578372955322266	0.9903063178062439	1.510676622390747	-0.3302464187145233
0.34331995248794556	-14.118661880493164	2.3615691661834717	18.979312896728516	1.0077013969421387	1.420954942703247	-0.3302464187145233
0.0021334290504455566	-15.519113540649414	2.1354339122772217	20.177433013916016	0.9280504584312439	1.431025743484497	-0.2588352859020233
-0.30334752798080444	-16.467294692993164	1.3697478771209717	19.130069732666016	0.8401598334312439	1.362361192703247	-0.22862288355827332
0.22826868295669556	-17.185373306274414	2.0203826427459717	19.618045806884766	0.8932604193687439	1.579341173171997	-0.3302464187145233
0.15289026498794556	-17.752695083618164	1.7506072521209717	18.868228912353516	0.9106554388999939	1.638850450515747	-0.3503880202770233
-0.37872594594955444	-18.815927505493164	0.9531829357147217	19.316532135009766	0.9106554388999939	1.618708848953247	-0.3091892898082733
-0.45410436391830444	-19.458627700805664	0.9888885021209717	19.130069732666016	0.8483995795249939	1.529902696609497	-0.2689060866832733
-0.18829625844955444	-19.990243911743164	1.1793181896209717	19.054691314697266	0.7779039740562439	1.431025743484497	-0.3705296218395233
-0.15259069204330444	-20.482187271118164	0.9135100841522217	18.642093658447266	0.6726183295249939	1.648921251296997	-0.2991184890270233
-0.5691556334495544	-20.898752212524414	0.4572722911834717	18.380252838134766	0.7779039740562439	1.628779649734497	-0.4108128249645233
-0.5691556334495544	-21.426401138305664	0.2668426036834717	18.082706451416016	0.6900133490562439	1.470393419265747	-0.2991184890270233
-0.26764196157455444	-22.223825454711914	0.5683562755584717	18.007328033447266	0.7696642279624939	1.599482774734497	-0.3503880202770233
-0.11291784048080444	-22.299203872680664	0.6477019786834717	17.745487213134766	0.6277574896812439	1.628779649734497	-0.3091892898082733
-0.6842069029808044	-23.132333755493164	0.07641291618347168	17.705814361572266	0.6460680365562439	1.727656602859497	-0.3302464187145233
-0.45410436391830444	-22.941904067993164	0.03674006462097168	16.733829498291016	0.7605089545249939	1.539973497390747	-0.3192600905895233
-0.37872594594955444	-23.473520278930664	0.15179133415222168	17.221805572509766	0.6726183295249939	1.628779649734497	-0.3091892898082733
-0.11291784048080444	-23.929758071899414	0.3779265880584717	16.134769439697266	0.6012071967124939	1.638850450515747	-0.4108128249645233
-0.45410436391830444	-23.739328384399414	-0.07831120491027832	16.471988677978516	0.6900133490562439	1.579341173171997	-0.2991184890270233
-0.6445340514183044	-24.497079849243164	-0.19336247444152832	16.023685455322266	0.7074083685874939	1.560115098953247	-0.4108128249645233
-0.34302037954330444	-24.457406997680664	0.11211848258972168	15.273868560791016	0.5929674506187439	1.579341173171997	-0.3403172194957733
-0.34302037954330444	-24.382028579711914	0.03674006462097168	15.571414947509766	0.6808580756187439	1.737727403640747	-0.3192600905895233
-0.5691556334495544	-24.798593521118164	-0.11798405647277832	15.198490142822266	0.6982530951499939	1.638850450515747	-0.3705296218395233
-0.37872594594955444	-24.838266372680664	-0.15368962287902832	15.012027740478516	0.6726183295249939	1.579341173171997	-0.3705296218395233
-0.49377721548080444	-24.191598892211914	-0.19336247444152832	14.524051666259766	0.6900133490562439	1.539973497390747	-0.3906712234020233
-0.49377721548080444	-25.139780044555664	-0.19336247444152832	14.559757232666016	0.7248033881187439	1.618708848953247	-0.3192600905895233
-0.5334500670433044	-24.798593521118164	-0.19336247444152832	14.448673248291016	0.6982530951499939	1.579341173171997	-0.4510960280895233
-0.5334500670433044	-24.497079849243164	-0.22906804084777832	13.885318756103516	0.6543077826499939	1.560115098953247	-0.4510960280895233
-0.37872594594955444	-25.215158462524414	-0.11798405647277832	13.813907623291016	0.7431139349937439	1.529902696609497	-0.4721531569957733
-0.26764196157455444	-24.873971939086914	-0.11798405647277832	13.738529205322266	0.7165636420249939	1.628779649734497	-0.4410252273082733
-0.26764196157455444	-24.873971939086914	-0.11798405647277832	13.738529205322266	0.7165636420249939	1.628779649734497	-0.4410252273082733
-0.6088284850120544	-24.382028579711914	-0.3084137439727783	13.512393951416016	0.7074083685874939	1.579341173171997	-0.4007420241832733
-0.41839879751205444	-24.572458267211914	-0.19336247444152832	13.401309967041016	0.7696642279624939	1.579341173171997	-0.4108128249645233
-0.30334752798080444	-24.873971939086914	-0.07831120491027832	13.361637115478516	0.7870592474937439	1.609553575515747	-0.3906712234020233
-0.45410436391830444	-24.647836685180664	-0.19336247444152832	13.099796295166016	0.7870592474937439	1.648921251296997	-0.4822239577770233
-0.49377721548080444	-24.497079849243164	-0.11798405647277832	13.024417877197266	0.8044542670249939	1.628779649734497	-0.5225071907043457
-0.37872594594955444	-24.270944595336914	-0.07831120491027832	12.877628326416016	0.7870592474937439	1.648921251296997	-0.5829319953918457
-0.26764196157455444	-24.191598892211914	0.03674006462097168	12.762577056884766	0.7779039740562439	1.638850450515747	-0.4410252273082733
-0.45410436391830444	-24.080514907836914	-0.2687408924102783	12.611820220947266	0.7870592474937439	1.648921251296997	-0.4208836257457733
-0.45410436391830444	-24.116220474243164	-0.2687408924102783	12.837955474853516	0.7870592474937439	1.618708848953247	-0.5325779914855957
