0.5552513917615327	0.13004209547756745	0.2153249941941068	-2.6490530750596557	-0.0774222714116293	2.7751922094745134	2.0692393103890465
0.5552510355730824	0.13003931141736214	0.21532499712392086	-2.6490530779989157	-0.07742124640365518	2.7751922099590303	2.069227997081668
0.5552453073234336	0.13003830082230555	0.21532263173972063	-2.6490545351456602	-0.0774197394123587	2.775187224017391	2.069224784103382
0.5552478135552821	0.13000314840381663	0.21534449644570952	-2.6490548981928317	-0.07742260290555524	2.774994614785053	2.0692435868419037
0.5552234709369108	0.12977579228305036	0.21548155411071454	-2.649008832615647	-0.0774184994051747	2.7746780162275257	2.0694191119594696
0.5552041456467675	0.12938146824343297	0.21575496852032303	-2.648725994809926	-0.07727737972093993	2.7741004405611855	2.0695924257302543
0.5550772291703102	0.1288117679176763	0.21605577133105858	-2.648402428885745	-0.07692276371673203	2.7731475772186993	2.0699188885791915
0.5548596125950253	0.12793916475421732	0.21639005224104282	-2.6479923031436674	-0.07643355394579894	2.7717735143168443	2.0703588066885503
0.5545927781786861	0.12668326563106228	0.21684057677309052	-2.6473854220668045	-0.07573525437309672	2.7699351582688827	2.070975304489014
0.5542994048930073	0.12509995288891904	0.21752512879925956	-2.646529818824944	-0.07481417867485214	2.767576127940498	2.0717691612665554
0.5539756761208311	0.12312003483752333	0.2183943529282636	-2.645485986736237	-0.07366801824514096	2.7646445774843023	2.0727610696822505
0.5535749243574661	0.12077573641964126	0.21943244930982	-2.644233133173537	-0.07228050245592808	2.761055795476892	2.0739872242832966
0.5530424582675396	0.11795305377140385	0.2206715676108537	-2.64267899425503	-0.07065616959908672	2.756846276307943	2.075412045180887
0.5523483868645036	0.1145719443936556	0.22206896702519477	-2.6408471930089723	-0.06871707553479867	2.751833862012657	2.0770524281964193
0.5515092980634736	0.11069395406510467	0.22367884951867523	-2.6387093998054585	-0.06643317106640985	2.746062615045766	2.0788732546338786
0.5505610821792664	0.1062884739189474	0.22551825625579935	-2.6362521742580265	-0.06390486185524664	2.7395614535884056	2.0809953688024283
0.5495293039981253	0.10134201551203197	0.22761322174095022	-2.6335605005256424	-0.0610191813148659	2.7321640844512705	2.0832907353824743
0.5483418871342558	0.09584380784509089	0.22995376357198755	-2.6306054764142344	-0.057813456310796256	2.723903184497471	2.0858431229539467
0.5469296568560219	0.08969662770684722	0.2325348637920786	-2.627213501232775	-0.054333794712620814	2.7148012766343994	2.0885547285979786
0.5453741588778279	0.08288867325107999	0.23526843736491454	-2.623457098813091	-0.050555702337772346	2.704667198940979	2.091569303876695
0.5436762040906531	0.0755048623497001	0.23826730782097016	-2.619392239390671	-0.04633444242301652	2.693759966299837	2.094849195545301
0.5417160067568562	0.06759422604603314	0.24155796361083887	-2.6151331781800193	-0.04184080316706743	2.6817714632371015	2.098378617365498
0.5395990240682335	0.05890141468052649	0.245087874471672	-2.610316672139237	-0.03700911908071363	2.668893695069122	2.102064181803179
0.5372164767572385	0.049521868469292026	0.2487844216487733	-2.6051230459757004	-0.03187368089257064	2.655151857372538	2.105928249500335
0.5346774022579361	0.039683157331210146	0.2527344818336445	-2.5997632827167987	-0.026417459108758905	2.640240043236052	2.10998264895434
0.5319062685590059	0.029075413269252122	0.2570054102201766	-2.593941360769949	-0.020593719609273017	2.6244214744344645	2.1142364868846575
0.5289055205209785	0.017772972428868543	0.2614432313420042	-2.5877993532594368	-0.014544401487264182	2.607680943696572	2.1187572525208855
0.5256038050174178	0.005942122582524901	0.2660504042944901	-2.5812214263480966	-0.008205812410896537	2.5899902828589503	2.1233713692482663
0.5220465640985865	-0.006635156407150145	0.2708600912692599	-2.5743202198365243	-0.0015045091680167566	2.5713330997275925	2.128000805057122
0.5181976109918993	-0.0196818295835063	0.2758366178101848	-2.5671494676967277	0.0054166747108510506	2.5516903906605264	2.132808347551222
0.5141742298844801	-0.03348290257191594	0.2811294153095119	-2.559575902562836	0.012570905942661244	2.531185330255703	2.1377960681568835
0.5097957236861712	-0.04783680467276258	0.286579485497687	-2.5516108865338656	0.020051813180091305	2.5097813579522197	2.142762208860869
0.5051809550815078	-0.06276125620614345	0.29212759173449476	-2.543446532757815	0.027593707891934906	2.487436654273577	2.1476722358765152
0.5001227904043423	-0.07821389804432988	0.29775281686368554	-2.5349809943126056	0.03542695852495318	2.4643137042645473	2.1526739785909403
0.49474163468644966	-0.09420961535491107	0.3034644370128945	-2.5260293356342625	0.0434439093030283	2.4404380549622045	2.1577386127717277
0.4891003919760206	-0.11083150560879253	0.30940415732677023	-2.517019662249268	0.05156602559832589	2.4156488679417727	2.1626737350384384
0.48325303103873485	-0.127784965500095	0.31553537262040154	-2.507649555667297	0.0598928184964416	2.390108962464556	2.167401318005058
0.47658547945139523	-0.146343989967713	0.3220384082701859	-2.4972705448669226	0.06866348028840183	2.36250788469591	2.172361249239027
0.4697220488743643	-0.16431071211402964	0.32796870776619813	-2.487509947492736	0.07714556411928782	2.3356278056040902	2.176978213899087
0.4625480375070557	-0.1824909136572214	0.3340017032278623	-2.4773678334414253	0.08559380719396051	2.3081320454993333	2.1812630361404106
0.455234514602845	-0.20120195957340728	0.3403051299638112	-2.467082036409712	0.09402952161185611	2.280169496405742	2.1852700675543617
0.447475472462404	-0.22023631587175524	0.34652818912413885	-2.456591414827183	0.1024323887762649	2.251680919350114	2.1889959251942086
0.4390395057746156	-0.23947804575481813	0.35236638585175023	-2.445781647709046	0.11078905222202665	2.2228687306230297	2.19240381494512
0.43029366228450094	-0.2588904150464043	0.3581906803496261	-2.4351358888394774	0.11902612442549951	2.1935255008794994	2.195513698722391
0.42132558769148465	-0.2785101449402931	0.3642238143634063	-2.4241956711349997	0.12699499021405486	2.1640367755311645	2.1980842134819354
0.42132558769148465	-0.2785101449402931	0.3642238143634063	-2.4241956711349997	0.12699499021405486	2.1640367755311645	2.1980842134819354
0.4118708064291076	-0.29834254819840417	0.3699490513902395	-2.4132229122267783	0.1349029643477558	2.134222211471185	2.200172530603901
0.40177360562924097	-0.31816624407047717	0.375364695516941	-2.4021928965215515	0.14251994155294279	2.104389227655458	2.2016938891291176
0.39129763012141305	-0.3380647480027863	0.3806110581273033	-2.391041918104355	0.14985191397927966	2.07439243331384	2.2026272794013635
0.38040894040068	-0.35783427355297515	0.3856275842215301	-2.3800894424539525	0.15687397217982813	2.0444991101540455	2.2029508723433513
0.36910328602410153	-0.37764271455975973	0.39047442123173287	-2.3689975407153745	0.16340415279911646	2.014679983092123	2.2028401590391997
0.35724810951583896	-0.397202365780096	0.3948731021030684	-2.3581264316544304	0.16955705773902657	1.985016151723994	2.201697327062406
0.3448556418586262	-0.41652914610517117	0.39888823394553763	-2.3472697700730407	0.1752031656518533	1.9556564242955088	2.1997065438619576
0.3319030774376822	-0.43562757151308734	0.40248352185538344	-2.3365015262243825	0.18025316994519247	1.926779902097651	2.1967395168445534
0.31863761505829147	-0.4543750770858567	0.4057452071311265	-2.3260458150225003	0.18472976993677145	1.8982792494347924	2.192755867730056
0.30462429965633053	-0.4726193459143329	0.40842291495349403	-2.3156264014836747	0.1885901984261487	1.8704923139093892	2.1878644358343933
0.29032408760419115	-0.4904076025351032	0.41073128957358723	-2.3056801497513915	0.19167647971868199	1.843175448098558	2.1818955281857946
0.27523839890428276	-0.5078587693814961	0.4123594202230116	-2.2957688646667442	0.19419945186144927	1.8166103517726244	2.174745484968598
0.2599742098678431	-0.5247313527793421	0.41368181479309557	-2.2861396766953024	0.19607230766089265	1.7907399830604143	2.166674175110599
0.24405862725237717	-0.541133575436537	0.4144262828373042	-2.276854364631956	0.19729877906434032	1.7654670514816198	2.157690245800427
0.2277282984117542	-0.5571569131854115	0.4147350005689612	-2.2677095019437985	0.19792145386331544	1.7408516303617736	2.147651799751269
0.21120014900248665	-0.5725577932271382	0.4146946312090252	-2.25883837323791	0.1981015505412612	1.7169745785705843	2.136822358601911
0.194041214504072	-0.5876035756611984	0.4141492036422604	-2.250275584398537	0.19794865499077194	1.6937975562595708	2.125070812182287
0.1766363280405005	-0.6020746614617286	0.4131525139863146	-2.2418728248411828	0.19701344271448673	1.6712703829886877	2.1123110794532045
0.15905626611985993	-0.6161329552020575	0.41174622945405065	-2.233729601382685	0.19556267439244313	1.649429459977793	2.099001714311757
0.1408407679728806	-0.629635523528817	0.4097682331933516	-2.225970006505842	0.19355221219251736	1.628358517523479	2.084726678738473
0.12254202831183339	-0.6426204820186355	0.40741902553091386	-2.2184030290459087	0.19110619632360706	1.6079686274745775	2.0696080236127803
0.10404337565412859	-0.6551425925964576	0.4047525085089989	-2.21106036686019	0.18824281449539162	1.5883375535694975	2.0538386602230543
0.08515684041202	-0.6672160346873961	0.40159325481553415	-2.2040119763391095	0.18484255793900345	1.5694305363478456	2.0374803875047487
0.06605606032144651	-0.6786368192059381	0.3980017429874342	-2.1973347311832567	0.1810938223537479	1.5513027402887323	2.020328846759977
0.04696435647007886	-0.6896484342992479	0.39416466183379695	-2.1907731272944524	0.17699617547610097	1.5339325324855906	2.0025327111472953
0.02757508430201339	-0.7000725013762413	0.3898914302512073	-2.184557549538826	0.17240879465078585	1.5172928931313872	1.9839960868184792
0.00802377266527748	-0.7100344889543746	0.385242783729248	-2.1786929755915647	0.16754201365008842	1.5014205313034328	1.9648911598150107
-0.011698004516407769	-0.7194361757785189	0.38017454555365743	-2.1730475222150907	0.16239199580379646	1.4863480470695118	1.9452349203384591
-0.03137964240876879	-0.7281976951605038	0.37485076242521237	-2.1678068519326734	0.15689756681292447	1.472030653122397	1.9250289857860345
-0.05114572572872453	-0.7365792438561561	0.36911546734253636	-2.1626498548213933	0.151059891940926	1.4586036997604586	1.9042928639386685
-0.07108806796966002	-0.744381446351994	0.36308997800363624	-2.1578941775640197	0.14498553885772253	1.4458737168108307	1.8830718174898227
-0.09096929792940234	-0.7515760787381451	0.35679779050746735	-2.153524918650437	0.13870868528948496	1.4340037009435105	1.861327378720856
-0.11083435166098655	-0.758263943532895	0.35008504032863236	-2.1493883201353174	0.13215087136237605	1.422977169116527	1.8391917673061224
-0.13062613925531563	-0.7644351205415074	0.3430457037987517	-2.145503532626498	0.12547210993895083	1.4127296052853935	1.8164890311594954
-0.15057162908827795	-0.7699422947277623	0.33581315843961035	-2.1420084023020505	0.11856184998663034	1.4033895168791257	1.7935059891814942
-0.17033547469188437	-0.7748974529639738	0.32831742145025017	-2.1387761046444327	0.11147757970200728	1.3948428292727244	1.770219751246112
-0.18992793470235972	-0.7793934097095707	0.3204284508000426	-2.135875231394445	0.10430762694744482	1.3871771827160149	1.746718341164373
-0.20943022994195384	-0.7832643989767096	0.3122203543113794	-2.133258988357153	0.09701782184851346	1.380390643017055	1.7227678341160513
-0.22890601196192056	-0.7865313622543375	0.3039431454268687	-2.1310444394766943	0.08958071213496167	1.3743781385143212	1.698398867395029
-0.24819814720362632	-0.7891722980098148	0.29529419446595245	-2.1291269668934802	0.08206873495930712	1.369343093039076	1.673944370539026
-0.26718523662414057	-0.7912783558652656	0.2863061703439796	-2.127509889170401	0.07450311947559274	1.36516198412595	1.6493468800258875
-0.28599250318760355	-0.7928559758361274	0.277269037419649	-2.126244981597604	0.06692115464688822	1.3619053743153544	1.624469907086091
-0.30469896128794205	-0.7938662359324	0.26790107746840314	-2.1252872655910027	0.05935174405138422	1.3595549283769746	1.5993968157625618
-0.3230157456388639	-0.7942217152276724	0.2582464161225929	-2.1247195408743242	0.05167250193543794	1.3580925640917314	1.5741213778567082
-0.34099670868157966	-0.793927503743173	0.24858604874026952	-2.124429818540402	0.04421227778602745	1.3575163432565853	1.5489569048318093
-0.35889488060695524	-0.7931243100162999	0.2384570849254025	-2.1244666427738332	0.036592786344578014	1.3577142132299875	1.5235878611426907
-0.37636402105092037	-0.7917438044135149	0.22823265516764712	-2.1248074006748445	0.02905441868927965	1.35902327917884	1.4979892450934735
-0.39328721517814585	-0.789632358563566	0.21804242568012658	-2.1254880817409183	0.02175747364184972	1.3612687727412738	1.472677030809
-0.4101300859386844	-0.7868871481149333	0.2073238879443762	-2.126567732760818	0.014398971277527244	1.3644589251378794	1.4472673873461053
-0.4101300859386844	-0.7868871481149333	0.2073238879443762	-2.126567732760818	0.014398971277527244	1.3644589251378794	1.4472673873461053
-0.4264694118142339	-0.7835362874185556	0.1965683340546324	-2.128062439890409	0.007236537701025887	1.3686643219216004	1.421673538435522
-0.4422560338422953	-0.7796027713744641	0.1857277641818238	-2.129892343882933	0.00035287812751419424	1.3738023810926547	1.3963889005526147
-0.45787612234467945	-0.7750282937075919	0.17460712612232604	-2.132093956215539	-0.006589797324483249	1.3800038181892207	1.3711962827031114
-0.4727321005811473	-0.7697297448972137	0.16353734001323836	-2.1347063103780863	-0.013189968053203353	1.3871074587416328	1.3459333355640855
-0.48728832009755246	-0.7638143619068065	0.1520958870848584	-2.137693889060889	-0.019632900095805587	1.395242648352544	1.3208782380781756
-0.5012632473424851	-0.7573045172771218	0.14065388468272075	-2.140986316499319	-0.025878374370846925	1.4044149824851235	1.2961329089865725
-0.5146815840459549	-0.7502265989561123	0.1289897253189278	-2.144686582290784	-0.03185290693052309	1.4145492884448572	1.271485343803351
-0.5275545695836915	-0.7423945901874494	0.11738005858614087	-2.1487861772408707	-0.03755578929472287	1.4257355311724347	1.2469746026264588
-0.5398777135516184	-0.733740855190476	0.1055286394219827	-2.1533334120581715	-0.04295604709211706	1.4379042215336952	1.222717572590023
-0.5515124214619993	-0.7246519934764308	0.09363240336651484	-2.158171025785057	-0.04803060507381933	1.451156407774178	1.1989103958274445
-0.562693759217182	-0.7149464486327293	0.08157206326163972	-2.163349362272376	-0.05277184096886651	1.4654367721341577	1.1754302567570984
-0.572900820408381	-0.7043368370777164	0.06958334033527055	-2.1689899458333404	-0.057183337773601024	1.4808277001838963	1.1520719549631138
-0.5828137648461257	-0.693243816718425	0.05741188310575701	-2.1750981378690457	-0.061243309019622945	1.4971345015550153	1.1291142035543766
-0.5916685871750851	-0.6813138150151253	0.04521408198940867	-2.1814550145665783	-0.06485527362482825	1.5146658557237351	1.1065071629824585
-0.6000430217624386	-0.6688075067550019	0.032961044568066825	-2.1883808518269907	-0.06812547579539473	1.5331752431840204	1.0844471841544405
-0.607579776475686	-0.6556067044541461	0.020651240819957534	-2.1955417874202556	-0.0708905882604564	1.5528610902336806	1.0628827212512768
-0.6143296826969931	-0.6417638678192981	0.00831544083906187	-2.2032345693456645	-0.07318480219748016	1.5735478531089984	1.0417479319328522
-0.6202880275270726	-0.6270993608302123	-0.004055273168340542	-2.211297703591919	-0.07504880603111992	1.5953902835509737	1.0211261519561763
-0.6253924042228098	-0.6117932514508309	-0.016360839195968143	-2.2197311867569827	-0.0763885971111875	1.6183858126179713	1.0009382099091846
-0.6297582933402243	-0.5958206294422042	-0.02886542958426445	-2.228724009825012	-0.07721503732537777	1.6424393520727978	0.9813958312192252
-0.633236501965728	-0.5791309822247033	-0.04128486068460692	-2.2379623805133897	-0.07755255093315379	1.6676105970500235	0.9623757078930819
-0.635693713918939	-0.5616928363821796	-0.05363429276882093	-2.247663674097633	-0.07753600950305688	1.6939688672093507	0.9439537355472841
-0.6373395090275275	-0.5435333421892702	-0.06595865283705298	-2.2579071372507897	-0.07685489697205157	1.7214536623708068	0.9261428460665114
-0.6380488124255326	-0.5246852762395188	-0.0783705364081149	-2.2685084346540685	-0.07549738618743411	1.7500914807358674	0.9089801496213973
-0.6379138684197931	-0.5050770435289836	-0.09067591610471465	-2.2794469174638268	-0.0734875892830174	1.7799333264376238	0.8925536815983174
-0.6367831783305526	-0.4847474601622614	-0.10298414587484554	-2.2909852861592555	-0.07087256660443264	1.810791540012411	0.8769408054287656
-0.6345233862623478	-0.4637018021828458	-0.11519658484117029	-2.3027826569565475	-0.06752918833575275	1.8430332254530812	0.8621999727783309
-0.6312730910568821	-0.4419109212793914	-0.12739882606809935	-2.3152337965008662	-0.06350581664822354	1.8763074174078025	0.8479619430832103
-0.6269218559386799	-0.4193757414482551	-0.1395085665232496	-2.327924682496918	-0.05867645333954149	1.910890317076206	0.8344793074654702
-0.6215440182818321	-0.396168365698442	-0.15153556817892494	-2.341185912445822	-0.05327214988277492	1.9465195836459972	0.8221174109163879
-0.6151509513574002	-0.37236314882129734	-0.1633819386135785	-2.3546906952701763	-0.04721913168880838	1.9831042864894322	0.8103575125013907
-0.6080280350099802	-0.3481559841588145	-0.1751169168489348	-2.3685849988968632	-0.04062391034525262	2.0203328286133204	0.7993198823378439
-0.6003347187293268	-0.32366629819470655	-0.18688051306951423	-2.382503141178856	-0.03357532704955659	2.0580876242497137	0.7891864934291294
-0.5918641323647373	-0.2990137538609474	-0.19820968099240302	-2.396675395901379	-0.026169073551645397	2.096028215102967	0.7795253473414162
-0.5828329551945198	-0.2744056941447735	-0.20922660615054114	-2.410731538202198	-0.01837772581509894	2.134096469489274	0.7706984522167121
-0.573547560197167	-0.24981137604184103	-0.2201370945696858	-2.4248714034887406	-0.010550137489524807	2.171961950485164	0.7623883193832939
-0.5639707675562894	-0.22550110874459003	-0.23079145632220524	-2.4387553185971367	-0.0023770686607698733	2.2096035649964305	0.7546426010490555
-0.5540564380383329	-0.2014187832597862	-0.24100157204206096	-2.4525956986231527	0.005831519804556022	2.246760991357882	0.7476618659806401
-0.5440153994650246	-0.17785058812006152	-0.2509039531941958	-2.4660945924432816	0.014113677063184326	2.2832892332051227	0.7410891106866153
-0.5340178188300579	-0.1546742445346709	-0.26054062890001783	-2.479451091512571	0.022379637510107544	2.319064497781499	0.7350374120388576
-0.5238583783489651	-0.1322087820274908	-0.269668354668283	-2.4923289859287805	0.03047350624071032	2.354002635930488	0.7295833550326547
-0.5139540195697938	-0.11033233294802754	-0.2785962639121592	-2.504949820263596	0.03863432321958404	2.3878629857018416	0.7244184477033146
-0.5040818624749293	-0.08919476985389883	-0.2869900712938077	-2.5170238344412503	0.04657811917351115	2.420655453517219	0.7197031612917769
-0.49445984629929196	-0.06882300617935361	-0.29502737316486155	-2.5288826206229533	0.05428345043338601	2.452132782712778	0.7155348760175573
-0.4850241469878881	-0.049331292626228394	-0.30262678836731954	-2.5399613605278164	0.06183637033738923	2.482436524574721	0.7117412762786846
-0.4758714652688515	-0.030793357156250305	-0.3097937871217487	-2.5507337726509562	0.06900483210102955	2.5112247767161056	0.7082794633745565
-0.46720928864400907	-0.0131007275361488	-0.316664043057277	-2.5608546912529833	0.07601843186832004	2.538644234639172	0.7051284682795501
-0.45875050607201173	0.003557211073126892	-0.3229267062662577	-2.570486186358607	0.08261350945630255	2.5645340426319825	0.7022942576660188
-0.4506675655685355	0.019203200197718272	-0.3287355108987443	-2.5796033589364105	0.08884603931475032	2.5888036208075227	0.6997210054111217
-0.44332118922688196	0.033905990311371884	-0.3343641616523425	-2.587902359590458	0.09482018950440625	2.6115785734724852	0.6975306314448785
-0.43625899892444625	0.047342256082462786	-0.3394739722483747	-2.595814339922378	0.10044288751803605	2.6326835999303437	0.6955816954489403
-0.43625899892444625	0.047342256082462786	-0.3394739722483747	-2.595814339922378	0.10044288751803605	2.6326835999303437	0.6955816954489403
-0.4295054095273417	0.05999752634716071	-0.3438380381816524	-2.603020534854686	0.10553692817858377	2.652138594828485	0.6938770039129077
-0.42338301887554514	0.07146252608772793	-0.34810084803983105	-2.609626401469265	0.11031039977683373	2.6700091374255415	0.6923717727977059
-0.41791239714566664	0.08187766242109075	-0.3520482981824419	-2.615656413217487	0.1146427980618959	2.686218135297396	0.6910900480432947
-0.412895270229894	0.0912767180813027	-0.3554926727930004	-2.6211299675609423	0.11864673056456534	2.700818494512146	0.689975708898932
-0.4082329834062408	0.09961022236053527	-0.358342528229874	-2.625918776056682	0.12213352180298147	2.713851629753694	0.6890097432698516
-0.40417233157327476	0.10716080164119875	-0.36096729930828036	-2.630216633246351	0.12525766509612357	2.725339225666179	0.6882229456628374
-0.40068068926711886	0.11346943451250507	-0.3633647969409499	-2.633936155036895	0.12798584184239062	2.7353942481884506	0.6875422365568257
-0.3976295288703217	0.1189708335591092	-0.3653800393344666	-2.6370267733373884	0.13039405124509107	2.7439536766569086	0.6870055600323368
-0.3950210726960763	0.12362850079414897	-0.3669446005820963	-2.6397600510629013	0.1323651537955745	2.7511509872100905	0.6865781215425741
-0.3928434171228226	0.12748204515844347	-0.3682663684508393	-2.6420415936978845	0.13403248834256692	2.7571234296892078	0.6862085028018962
-0.3911588698886966	0.13055181376653363	-0.36935047245147334	-2.6438062651133842	0.13538623135521313	2.7618878578984862	0.6859127005765577
-0.38979159781136474	0.13293795510222764	-0.3701913440148915	-2.6451683253557867	0.13644174781703297	2.76561513772261	0.6857228426230427
-0.3887678454831296	0.13468014128998648	-0.37079407227614036	-2.64619752150884	0.13721140301562676	2.768344254248907	0.6856269711627783
-0.38801134548156974	0.13594194607313315	-0.37122501307155814	-2.646891894105348	0.13776289209347262	2.7703484659258586	0.6855262154111582
-0.3875773660850214	0.13670044536017673	-0.3715640857573271	-2.6473380212044666	0.13812925170767643	2.771522342030272	0.685466642259778
-0.38730283883436684	0.13712419752026303	-0.371770396724988	-2.6476431249674337	0.138304905604651	2.77216629474009	0.6854575211236981
-0.38721571124470244	0.1373807170452363	-0.37176809630950947	-2.647779423486033	0.138364006664659	2.7724716366947257	0.685426795143776
-0.38717693173380435	0.13741467226318438	-0.37176490612966484	-2.6477716491718306	0.13837902314638206	2.7724880170553354	0.6854320717040109
