0.00035438798614243156	-0.0003996106336606861	0.0009934454745292823	0.0001762562155593483	0.00013853343661884826	-0.0003360732843107498	0.0013088849915217473
0.00020719463260339193	-0.0014729376821853834	9.260632944712293e-05	0.0007829905500617072	0.0003530511181791936	-5.9135201729627423e-05	0.00039007255552298866
-0.0018040370589241007	-0.0017146797369212523	-0.001287714673174293	-9.465105959103068e-05	0.0003212396432152609	0.0004251965145697452	-0.0006304934615883964
-0.007265672262658251	-0.0019433904384806697	0.002965258508356758	0.00040061953657230114	-0.0006854887442528361	-0.004705151728932134	-0.001802884987267905
-0.0004811575848279732	-0.006072500882718554	0.0057913298674285955	0.0016508428154021603	-0.0005642881985168665	-0.007103261700895578	0.009898878307994694
-0.00024627733394372986	-0.013604382284964528	0.010625793665199704	0.01072559908587502	0.0028553678301109775	-0.020030532636307403	0.0029142326525563797
-0.004427418792586101	-0.018916012536033113	0.0063162719334248964	0.011105808695886335	0.009250269217653597	-0.02893928973990105	0.0065407973462510505
-0.009156169321491487	-0.03332497069175191	0.008338341464731877	0.01625608326130269	0.01914062521047033	-0.04461336715124583	0.013306705607423915
-0.00910538924259759	-0.037884570336739164	0.01742406431009739	0.023814462940218318	0.026497708953973076	-0.0609903092292119	0.02117568781366884
-0.007375651433050138	-0.04877270438496285	0.022110941802752006	0.027893496085168955	0.03135546990412057	-0.08228906871301024	0.02641926702667936
-0.007571266992941776	-0.060721930379790574	0.02886041555520552	0.03308658751150034	0.032950949754613997	-0.09732686441675055	0.034595327840290714
-0.013214534358939978	-0.07077253816018146	0.027606397380940464	0.0400807277544734	0.03892542901508334	-0.11164144310853649	0.04635084933221575
-0.01824495626714396	-0.09329118863712799	0.04414149204132049	0.048515359563217356	0.046609129060238334	-0.13121970026948587	0.044740529651560605
-0.021792071812121283	-0.10394412227008964	0.04325379725755469	0.05751324002504163	0.05674719715438159	-0.1636497476835427	0.04944170018239272
-0.02216465023228758	-0.12072612918725677	0.04232830155518133	0.06443309494026701	0.07459312123971704	-0.17248918521200649	0.05204122462155181
-0.028653125376755195	-0.13813739661060023	0.054082049481515716	0.08025539892401265	0.07202973266783663	-0.20034394453908644	0.06182609732476241
-0.034674446330184544	-0.15523598289409957	0.06261482261493814	0.0787301402987885	0.08797525371947736	-0.23197863628994808	0.06468070635299895
-0.03913657453953358	-0.16254256164040648	0.0701691583490754	0.09119056020875306	0.0936503423607842	-0.25346329061292705	0.07061244686153285
-0.03947277975335589	-0.18837727506082103	0.08535185979455893	0.09856411395763245	0.10874284026037423	-0.28275499522874653	0.07686820805441726
-0.050806962397559045	-0.2065682017151134	0.08332486943766872	0.11636716826257999	0.11724096080084001	-0.29839831202950134	0.09386493053404424
-0.055929049923213715	-0.22423035445081488	0.09130161160712262	0.11989449623234393	0.12500497559769558	-0.33602543182341676	0.09777410563002929
-0.06025367341186034	-0.236268398359469	0.09978875775591307	0.1339451826757154	0.1426341135408173	-0.3673484107729397	0.1069145769151257
-0.06823128987254169	-0.2636586925890476	0.10473345857835947	0.1508087826743043	0.15348080411119855	-0.38739035714197134	0.11133732145073975
-0.06930301997513846	-0.2806340442397303	0.10855406622705077	0.1575356993476063	0.151582917830095	-0.41948664730201624	0.10940803908416062
-0.07715088289710068	-0.29429736925011385	0.12071515285748433	0.16297696373958623	0.1696363137891912	-0.4406497176676863	0.12854058549501685
-0.08068538096630368	-0.3251039111182717	0.12798418540282547	0.1771671984166643	0.1733871574180867	-0.46818973045564655	0.1396488197731486
-0.09484295859908806	-0.3299068547839353	0.13318742345858225	0.1827184314795498	0.1854538942276029	-0.5088601762028346	0.12049966781176531
-0.097494422187497	-0.3547498065971847	0.14451508598370058	0.19712212304699056	0.18574799836189032	-0.5256924149461224	0.13357526959914587
-0.10978098954873529	-0.37724068694811197	0.14308971109116492	0.2032864716892793	0.20078053059693934	-0.5554440500250776	0.1372383661971574
-0.11517832467045404	-0.40155204360954433	0.14672136516036333	0.21566970975236255	0.19924778687622735	-0.5824017907933317	0.1487714828405992
-0.11828486795297452	-0.40990251788995496	0.15753012045563944	0.22582470538317803	0.2243819109412362	-0.6250123290216181	0.14347568293143356
-0.12996426944732348	-0.43233155473804435	0.16088419335544799	0.23855348375205362	0.21417157937866746	-0.6325252996894517	0.13566765937731917
-0.1398798320357996	-0.44351224840343495	0.16463616554765742	0.24318292310695833	0.21605586259585516	-0.6686899460287855	0.14813424158451446
-0.14911869446816664	-0.4595679631239533	0.16653034692607044	0.2487861008415705	0.22417755762402752	-0.6772731981465414	0.1460840084667294
-0.1655249589456465	-0.47093510863767846	0.16234112301272127	0.26872674070756364	0.23336461068496292	-0.7017629553511039	0.13648403235674927
-0.16636068042430718	-0.4982360468422863	0.17222313812250287	0.2647975405039869	0.2421929130949579	-0.7324084525588852	0.1383698604400537
-0.1756852352204087	-0.5029424444151698	0.18336797242684535	0.2782245205579619	0.24149588879932177	-0.7631165257904908	0.13847337424304032
-0.1898143639776777	-0.5147975256628455	0.18176951200779723	0.2844921167173965	0.24486190292833604	-0.7680379709594151	0.13923750844208657
-0.20273094808967315	-0.5312401725013232	0.16943761459505174	0.29571248995303845	0.24805812711688166	-0.7885210295223558	0.12391463866767649
-0.21698888533200755	-0.5370785945722986	0.1779657518798665	0.3051419106489549	0.2537707020864324	-0.7925983382409475	0.12333204804025615
-0.20827593455345508	-0.5518326072791647	0.17786903263939227	0.30372467768228756	0.23697416739883134	-0.8303704844278362	0.11266632411404434
-0.23225097593958324	-0.5504411503569797	0.17537931310642352	0.3147376436722427	0.24131352348030505	-0.845485025454186	0.10679032258957902
-0.2552986987214814	-0.5771446980240549	0.16434797385243466	0.3200616837057598	0.2596208037140401	-0.8546681058231052	0.1064618487404997
-0.2548348418240535	-0.5794698368457651	0.1676262089831695	0.3146207457866949	0.2294486068974001	-0.8639455744748612	0.08824581414417432
-0.2634397063664162	-0.5899471227531051	0.1732407054942758	0.32763105362954303	0.22627646195332843	-0.8697439159402952	0.0776397860251203
-0.2634397063664162	-0.5899471227531051	0.1732407054942758	0.32763105362954303	0.22627646195332843	-0.8697439159402952	0.0776397860251203
-0.28076551991905335	-0.5835072646196582	0.15692822575644946	0.3142635270393239	0.23502034516283826	-0.8832304610967102	0.05131282894950975
-0.3008782922881897	-0.5897795422837436	0.15543522468773474	0.3345460020390976	0.21897283919925636	-0.8754740562091717	0.03459529696459298
-0.31134934102456413	-0.5854030780961954	0.14813500210859923	0.3215799903418623	0.22079113565776326	-0.8648371545867912	0.022933950797782415
-0.32360960098294944	-0.5687608777443888	0.14858763894056518	0.3229695832576708	0.19956723990357153	-0.8724097647468224	0.0028443569507503167
-0.3345963144106547	-0.5719854295520223	0.13180651264513846	0.32099088476468013	0.19289767566120522	-0.8486093025343157	-0.013601354969611157
-0.35176371086537267	-0.5706680563601162	0.11600290421932105	0.31571041033030345	0.18060424489338123	-0.8710886612129749	-0.04909200532752752
-0.3693673668528429	-0.5622476309959265	0.1085015419136944	0.3217514771563339	0.16516570192948118	-0.8709504014728798	-0.07921106092414766
-0.38717050463616914	-0.5487019740601424	0.10020841078170144	0.30425632197835206	0.14242019217427662	-0.8465687117275067	-0.098937986563117
-0.3918660866568497	-0.5520850400550827	0.08979160018916718	0.30091062820015463	0.118871349613008	-0.8391926057678242	-0.12404508829866961
-0.4146510256759443	-0.5278875528255262	0.06992490908108683	0.3113158751483318	0.10792801887646102	-0.79423609494162	-0.14972592970983803
-0.4242972112224259	-0.5165441070769304	0.06068214135619573	0.28890322247752703	0.07800167199551672	-0.8012259679909471	-0.18363054760237915
-0.4489068746766323	-0.5047191616505871	0.046003476343674445	0.2975294626593167	0.06527674177677147	-0.7829311972036428	-0.22593377642785742
-0.44933291175581164	-0.49303649577575137	0.028479974226647144	0.274792278957048	0.03978697137800585	-0.7456183378697575	-0.24283370052060055
-0.4695569344554159	-0.47491101379576056	0.020760374581867126	0.27611421163037175	0.03361682329612535	-0.7411013948959463	-0.2772551164082352
-0.49227989088963026	-0.46764715423121767	0.002471795477068456	0.2666997651649612	0.012474329727092044	-0.7133730892470165	-0.2956770563105298
-0.492325773312352	-0.44542651853854304	-0.005430530066379576	0.25548554134752116	0.0010057414864669688	-0.6780674709909021	-0.33397968588741916
-0.502827535226214	-0.42366717031667384	-0.02011479780184082	0.24408362347847398	-0.014904164789813141	-0.6648173575400521	-0.3476969240603855
-0.5144492923588643	-0.42355246745235464	-0.04290936633601406	0.24562755747855622	-0.035861154020005684	-0.6487145799743789	-0.3984829857585969
-0.520805084309088	-0.4058723891470203	-0.05428511172393777	0.23542174756207904	-0.05423846871130732	-0.6350087152036862	-0.4061693266354411
-0.535931496274307	-0.39534811424592187	-0.054339219902274916	0.22693763711833018	-0.06059776152817433	-0.613851943824155	-0.3977653557029623
-0.5462807529623467	-0.3764382502189382	-0.0768820101711105	0.21811822009097862	-0.08345585529179905	-0.5812504397529853	-0.44509594757186327
-0.5472649976466962	-0.36062665974572683	-0.08317518144880541	0.2173856841171027	-0.09076737991840013	-0.5659233268682791	-0.48287974691585406
-0.5372156059700669	-0.34388610967058053	-0.09405058590930492	0.20554469718098942	-0.10880941890373905	-0.5402913389340062	-0.49528590386823906
-0.5683607715343479	-0.33440198811260696	-0.10971196736783329	0.19145416710573723	-0.11644516906768236	-0.5317598989716874	-0.5145607400667632
-0.5703905609150567	-0.31446408743071613	-0.12492375235997624	0.1891847032864911	-0.12578293866595916	-0.49512737945278174	-0.5201926461664675
-0.5600832777247975	-0.3000177104421844	-0.12889152891432432	0.17983649402847635	-0.1409403922859067	-0.4718177869581576	-0.5327253899300243
-0.5623350350021006	-0.28387904899092	-0.13933549758756716	0.17282940238715652	-0.15332574164469787	-0.45150330059892074	-0.5502796004997903
-0.5838512046052955	-0.27152263385635955	-0.1529996569497421	0.15311660616204312	-0.15291216374366096	-0.4293425926695914	-0.5620034734582033
-0.587929345927889	-0.2597493125610384	-0.1706721525638964	0.1475618804721009	-0.16523658855794	-0.41452885688159985	-0.5762538631583543
-0.5747483289013093	-0.23976095082508245	-0.16483967494584412	0.14394097532962608	-0.16895062992434717	-0.38792919375854257	-0.6055909007851452
-0.5790470692426404	-0.21485130342813547	-0.17083400055307682	0.12492518107798722	-0.18479838014932656	-0.36042728819814795	-0.6239465236283843
-0.5859390138404487	-0.20265703685920985	-0.1933326394624971	0.12788081687520753	-0.18617353203679354	-0.3455694721370339	-0.638573759512708
-0.5907849142313331	-0.19199482282306024	-0.21128931581479843	0.11256435082805627	-0.20089730164460395	-0.3123192272662268	-0.6628323342946831
-0.5685657022011411	-0.17192717224952195	-0.20346181435226776	0.11525345434663736	-0.18813729815210498	-0.28662112300930703	-0.6919277829184454
-0.5653751563457626	-0.15194947326531272	-0.2071543671162292	0.09514180909920378	-0.1984648516139961	-0.2660537674733971	-0.6886041740258271
-0.5846038681434863	-0.13901185645166952	-0.22945244849080335	0.09282852763819316	-0.20306744867140353	-0.23883451967286282	-0.674672096929411
-0.5824805005116607	-0.12526758386043427	-0.2502307854209016	0.08248275718541064	-0.19958924935818267	-0.2164664563565884	-0.6796774018680776
-0.5699688097661139	-0.10627417882873515	-0.2398387637608987	0.07236556973038923	-0.20813989629056276	-0.18454448143701468	-0.7109163734976645
-0.551230647646428	-0.08882170569523132	-0.2377858843777158	0.06566184594395776	-0.21665048039288085	-0.16834287668357156	-0.740619916093924
-0.5752550216897829	-0.06966006795100249	-0.26179990929349783	0.05493713994787279	-0.22765492157864617	-0.13288509965957881	-0.7223320410563112
-0.5803232741500094	-0.059907911020883525	-0.2702111764654955	0.0416911913040427	-0.2316936155172016	-0.10936397623408857	-0.6978900686236487
-0.5387386195735386	-0.03776785063037617	-0.26267625827126617	0.03676831753561314	-0.21994263349548082	-0.08805823605751883	-0.741159828833247
-0.5450843936489979	-0.019364355241108244	-0.27825878471731796	0.02177278341151681	-0.21839239191317908	-0.0543874803343494	-0.755719552747242
-0.5566461358894234	-0.004743594824340534	-0.2942649623587409	0.009926237644694583	-0.22530673827458259	-0.03244337726010549	-0.7250452925162966
-0.5221062245997673	0.011033280426805668	-0.28655915958990075	0.0048339372783004365	-0.21727337491343288	-0.00713196525954316	-0.7320557626795802
-0.5094445881404878	0.033351983385630286	-0.30013208491463667	-0.0038428396719623155	-0.2250681638865705	0.015565582060906503	-0.7397828725298677
-0.511029686117301	0.04872180545251643	-0.29948762689491754	-0.01569557443225944	-0.2245666310253823	0.049816059698963744	-0.749440096434942
-0.49673159908975856	0.07120092669736876	-0.30388681328639905	-0.027425148209929903	-0.23036332099391624	0.07889086191787105	-0.734263289730606
-0.4752452655744581	0.08789228714282621	-0.3032010889720382	-0.03865091889548728	-0.22572376769704247	0.108836923490757	-0.7362680677607449
-0.4752452655744581	0.08789228714282621	-0.3032010889720382	-0.03865091889548728	-0.22572376769704247	0.108836923490757	-0.7362680677607449
-0.4815884106778951	0.10244187792402336	-0.318720511650749	-0.04532079921182766	-0.22074813281512493	0.13561561707313435	-0.7648417580619584
-0.4484917695874799	0.12168494401968642	-0.3226271603973632	-0.05588330596502007	-0.19909464368661	0.16680084294541947	-0.7412049381373678
-0.4424627212360235	0.14244836679947925	-0.31539074727361827	-0.07086306096667798	-0.19865875929643975	0.19282724878802132	-0.7339582419704992
-0.4453518252097466	0.15924896424184262	-0.3267132375285663	-0.08030304748673937	-0.18586515613677154	0.22564957187746043	-0.7543902114644474
-0.40173523608037065	0.18707219668842714	-0.32669212449673035	-0.09684386262249457	-0.18466651403251774	0.24708012712268496	-0.7440027422273868
-0.41181692978030876	0.1950989441650151	-0.3414446330472184	-0.10176598422249487	-0.17110194230131912	0.2780559830169877	-0.707802597554421
-0.383452571026112	0.22537202640031204	-0.3363985846787875	-0.11545228549487356	-0.16725448526249356	0.31459548243674673	-0.7186272080855023
-0.3829859319832187	0.23805610881032988	-0.343055947232857	-0.12556864250635708	-0.16116812989635373	0.3466050228336741	-0.7299487217330209
-0.34374043775089785	0.25825329133737945	-0.35029885649061565	-0.1362009270542872	-0.1532307395289516	0.37511100010046794	-0.7201487328505868
-0.3362485480966931	0.2696533711189348	-0.3586310236001521	-0.14504702283591317	-0.14970288002125703	0.39480087500537175	-0.6862647024506559
-0.31252674678244646	0.2882489511508843	-0.3544797155306744	-0.15371153014412026	-0.1290318585235711	0.4212453710887927	-0.6741351975732363
-0.2967171896778869	0.3143418617725468	-0.3532914036573585	-0.17828439748431804	-0.12343374486389591	0.47710816773034587	-0.6742870584520396
-0.2690655307367526	0.3353146261369732	-0.35553916224536897	-0.18043830022221327	-0.11239182276625127	0.49466486509206015	-0.6813893459115203
-0.252984571273614	0.36062224700747186	-0.3571776352196193	-0.1897573473674661	-0.09459165347701795	0.5298861763043431	-0.6603329270625009
-0.23627974041783006	0.37962685724171025	-0.36345487037790297	-0.20504223952064227	-0.09531915465005343	0.5619412258158853	-0.6357389376936317
-0.2107080809519365	0.40508070635876736	-0.3681966710487575	-0.21893983404568437	-0.07572123248566397	0.5936577305266605	-0.5950463831180656
-0.1959071435480884	0.4184507761468759	-0.36037257856369015	-0.22186773054249884	-0.06036613852913626	0.611752773178401	-0.5953045599665884
-0.15216783439393602	0.43507078976880337	-0.3536953955748308	-0.24355332818455527	-0.048359022414805906	0.6586080797711348	-0.5856562791014924
-0.14236359459533196	0.46348902795761215	-0.3657507028736403	-0.25360569907774294	-0.03649387131491789	0.688806366626056	-0.5768562110441967
-0.11204277171817188	0.47680346259536643	-0.3642573735429877	-0.2661067420299513	-0.01799557327037411	0.7182311812499819	-0.5591836677420742
-0.09779134802331707	0.4984860518821063	-0.36312680018054094	-0.28419465183817755	-0.005639042102682947	0.7401101080977696	-0.5336681065172856
-0.05812779294694507	0.5141813365599339	-0.3591614864533308	-0.291985611792045	0.0044608798714269905	0.7898589403156526	-0.5137656292787871
-0.035578158148053256	0.5309720334527933	-0.35835112112881573	-0.30044256133850206	0.02866581897145436	0.8046210158376206	-0.49181587179281117
-0.014124819194916703	0.573934753325803	-0.361481397722432	-0.31755782961307844	0.04516252071954929	0.855151380772307	-0.48530640375580975
0.015397527467592183	0.5836627156795663	-0.36792048740905076	-0.3330563135023328	0.06531949253630233	0.8774135227500436	-0.48145102671252815
0.04803235438205659	0.5993789482942278	-0.3629057324827015	-0.34622647240970494	0.08463324176539117	0.9109189418781715	-0.46430805538468856
0.07759745085004072	0.6224735445101015	-0.35770467530077676	-0.3575423874438549	0.10329026902780993	0.9518875147032037	-0.4290473196686287
0.10601337786544647	0.6589299950392694	-0.3589321353481352	-0.36993558247557096	0.12443104473162685	0.9849627870007078	-0.39094557689996
0.13421674162951439	0.6649136156522488	-0.349300577368018	-0.3744176993189299	0.14958621357277882	1.0333870694005225	-0.3812777880398221
0.16654301002148367	0.6900396326812999	-0.35138041698753186	-0.3968266016592496	0.16710952051123157	1.0573126458905198	-0.37066571527459563
0.1945721783959338	0.7002716874643048	-0.35005709132758817	-0.39791124501836367	0.19657640639491888	1.0822799629216426	-0.3135690507420758
0.2194847071560498	0.7239069794654891	-0.33591268493548543	-0.4153709591681749	0.19833876379562795	1.0961205797512474	-0.31835857448659655
0.22928213323380936	0.7269211141545142	-0.33873383434853366	-0.4141452483409491	0.22069888782504707	1.1123812574032703	-0.28582372568629716
0.25701674022642346	0.7191571168723114	-0.3176986829612435	-0.4171125241504828	0.22744865657403443	1.107391005132298	-0.2840593571800938
0.2692315468664925	0.7223550730720061	-0.31770130543832964	-0.4153876275819332	0.23022105578390786	1.1017221593184356	-0.24737283109646174
0.27586829721335643	0.7285024369413488	-0.30741509437390174	-0.4181149630007406	0.22230993888662903	1.109169620940514	-0.23514014185955873
0.28796070770206644	0.6975672353283447	-0.30454002254713053	-0.39948983616666545	0.240330951234028	1.1035925350222948	-0.20706313370971316
0.2964672138082114	0.6985131583190636	-0.29578053005710786	-0.4070776011229123	0.24086243256899426	1.0801150237329509	-0.2045567338523084
0.293415205609941	0.6817726620443424	-0.2870641179116397	-0.39097957413726425	0.2512169980024053	1.063292629643146	-0.187087187298425
0.2979242431877991	0.6818200995377419	-0.2758149194828361	-0.38516553147910115	0.23812504439470372	1.049168557531033	-0.16027470069628558
0.29344068767025466	0.6492936723270214	-0.2638030200243156	-0.3739144992652403	0.23165653600622835	0.9969559133447439	-0.14628914851912922
0.29221704732905934	0.6317809027398659	-0.25670258538162805	-0.3605644610225634	0.23715326133948889	0.9872919739452455	-0.15119089393881108
0.2870699175887253	0.6097543711530707	-0.2384917242104096	-0.35221639554190404	0.2285830923172496	0.930240438203294	-0.13650740336198147
0.2789706694476334	0.5912010345581952	-0.22921582665018195	-0.33652195015306197	0.2223937066418844	0.8998431571536696	-0.10030557173854072
0.277636223419463	0.5693359762971387	-0.21528889452944883	-0.3293398654849176	0.21403235296988524	0.8873190734777043	-0.10967213424737983
0.2716768403325875	0.5248452344858369	-0.2092612446996206	-0.31351135773816985	0.20647156496991942	0.8148514442050135	-0.09546566335496816
0.25554275974887164	0.508703053925563	-0.1929272695058725	-0.28301297727646224	0.2081819734570213	0.7756166286381115	-0.09448251338388258
0.2527785967354767	0.47776349043525396	-0.18121873289970555	-0.27937127275294676	0.1857423714423945	0.7313567996579551	-0.08412487332863242
0.23717331377245676	0.4374421137345664	-0.16754458297052355	-0.2586824360628659	0.17841821880455452	0.6858253425451981	-0.06426761690039928
0.20450821450124249	0.4107917491567236	-0.1576757260677605	-0.2372939613858976	0.164439605384792	0.646212831303911	-0.0597613571749545
0.20098714289114736	0.3820658028770335	-0.1409597062688819	-0.22732632581793402	0.16367762962513546	0.5986669195913463	-0.051449099165996215
0.20098714289114736	0.3820658028770335	-0.1409597062688819	-0.22732632581793402	0.16367762962513546	0.5986669195913463	-0.051449099165996215
0.19365917435797045	0.35766042873399817	-0.12161294308943364	-0.20619360300668152	0.14650144639247045	0.5460292037958564	-0.0467937464859044
0.1645921105909819	0.3196611481486562	-0.11942422778517746	-0.17949348711621746	0.14438383620143358	0.4918864804330255	-0.04565305773995519
0.1528414348524113	0.2926673039819465	-0.10519948934429584	-0.1655801256749534	0.12490517727603535	0.4431091691924085	-0.04390827161865213
0.1408031480947731	0.2645222499970053	-0.09910305306563777	-0.15188596641600272	0.11363661255808605	0.39677926240176553	-0.023455541893843856
0.12759503165819694	0.2333658717817348	-0.08224050166652337	-0.1317221129050288	0.09693232673390167	0.3613258248487458	-0.01848610446299582
0.11055057969814967	0.20813158772342946	-0.07208171288112974	-0.11189044906226661	0.08867519857069121	0.31954678863556335	-0.023580549056431466
0.09217815476896353	0.17373275894680834	-0.06073134487366476	-0.0968470771605012	0.08256923223234026	0.27576270899637484	-0.01656324352095068
0.08260804680922709	0.14830977238068058	-0.05391010350050537	-0.08157825927716751	0.06372102187704368	0.236333976236475	-0.012046321679204889
0.06896067566941344	0.12411089298380207	-0.04409324759906318	-0.07358845252666672	0.051672511851951895	0.1950299362497651	-0.0013393498513115123
0.05972802334975748	0.106409149369922	-0.03492755907712098	-0.05118896691579673	0.04342766222983825	0.15746195983575859	-0.007688307994920457
0.042021017185123466	0.07962999764915162	-0.028114619217881387	-0.04541248594228188	0.03452814119652242	0.12730531909899684	-0.010139922513024657
0.03828749068094474	0.06632751203176354	-0.01925784764204385	-0.03070504200308571	0.025356095576662043	0.0963674228138797	-0.00694276270713981
0.024627801460209885	0.04253016045246375	-0.013798334608405897	-0.023757042986725933	0.014551919758625506	0.0729321491772905	-0.009095794032905577
0.016286965570027165	0.025407020790827444	-0.01145245547100458	-0.013140858855649678	0.009318493446562257	0.04620197505075593	-0.0038600608486399975
0.010194148637879664	0.013167721011762562	-0.009915570523426592	-0.012553956099848664	0.011693432097069911	0.023831362498136062	-0.00013875899710830025
0.00292738920262682	0.015941469557912487	0.000852896127661335	-0.012742384627529536	-7.804467286491877e-05	0.011855451708852601	-0.004486652914264416
0.0033194449387724864	0.003823716444409781	0.002116221087251072	0.00018213090765995064	0.0004976671990146707	0.009978289128736816	-0.0031393058002826706
-0.0009587921664612836	-0.0005689926334567922	-0.0024810882863061023	0.0002350650211236671	-0.00018614270253834576	0.0001633652514700349	-0.0013143472603211923
