0.019534587860107422
0.05280923843383789
0.08608818054199219
0.1194758415222168
0.1527574062347412
0.1860663890838623
0.2194232940673828
0.25275373458862305
0.286043643951416
0.31937384605407715
0.35274553298950195
0.38609862327575684
0.4194204807281494
0.4527411460876465
0.4860823154449463
0.5193641185760498
0.5527205467224121
0.5860979557037354
0.6194379329681396
0.6526763439178467
0.6860864162445068
0.7194182872772217
0.7526402473449707
0.7861394882202148
0.8195197582244873
0.8527445793151855
0.8860838413238525
0.9194478988647461
0.9527275562286377
0.9860811233520508
1.019425392150879
1.0527276992797852
1.086097240447998
1.1194264888763428
1.1527280807495117
1.186098337173462
1.2194433212280273
1.2527616024017334
1.2860815525054932
1.319519281387329
1.3529045581817627
1.3860905170440674
1.4194488525390625
1.4527394771575928
1.4861030578613281
1.5193984508514404
1.552739143371582
1.586083173751831
1.6194162368774414
1.6526415348052979
1.6860990524291992
1.7193543910980225
1.7527480125427246
1.7861075401306152
1.8193490505218506
1.8528921604156494
1.8861005306243896
1.9194233417510986
1.9527497291564941
1.9859230518341064
2.0194590091705322
2.0527570247650146
2.0860865116119385
2.1194231510162354
2.152726650238037
2.1860878467559814
2.2194132804870605
2.252638101577759
2.286079168319702
2.319420099258423
2.3527352809906006
2.386251211166382
2.419367790222168
2.4527699947357178
2.4860622882843018
2.519446611404419
2.5527851581573486
2.5861330032348633
2.6194205284118652
2.6526074409484863
2.6860880851745605
2.7194101810455322
2.7527458667755127
2.78608775138855
2.819384813308716
2.852741241455078
2.886047840118408
2.9194998741149902
2.952805995941162
2.985970973968506
3.019418239593506
3.0527515411376953
3.086078405380249
3.1193103790283203
3.1527154445648193
3.1860599517822266
3.2194912433624268
3.2527894973754883
3.286083936691284
3.3194172382354736
3.3527321815490723
3.3860795497894287
3.4195172786712646
3.452779531478882
3.486119508743286
3.519397497177124
3.552795171737671
3.5860025882720947
3.6194279193878174
3.652771472930908
3.6860859394073486
3.7194321155548096
3.752662181854248
3.7860817909240723
3.81941294670105
3.8527371883392334
3.8860819339752197
3.9194159507751465
3.952852249145508
3.986100673675537
4.019385814666748
4.052780866622925
4.0860888957977295
4.119391441345215
4.152780532836914
4.185990571975708
4.219425916671753
4.252764940261841
4.286038160324097
4.319429874420166
4.352740049362183
4.38609504699707
4.419416189193726
4.4528303146362305
4.486030101776123
4.51943039894104
4.552766561508179
4.58609414100647
4.619418621063232
4.652730226516724
4.686051607131958
4.719414472579956
4.752666473388672
4.786081552505493
4.819381237030029
4.852803468704224
4.886098861694336
4.9194159507751465
4.9527270793914795
4.9861860275268555
5.0194947719573975
5.05277419090271
5.086063385009766
5.119398593902588
5.152730941772461
5.186080455780029
5.21935248374939
5.252754211425781
5.286077260971069
5.319416046142578
5.352751970291138
5.386093854904175
5.419421434402466
5.4527740478515625
5.485942602157593
5.519544363021851
