0.7278295480870364	0.12715171007186685	0.053818823975397105	-2.648413877788343	-0.018185066957839266	2.7747960027853673	2.3337721187240548
0.7278295480870364	0.12715465443444673	0.05382140842211788	-2.648416387852624	-0.018183707847252217	2.7747971224114667	2.333777815338638
0.7278295480870364	0.1271396401837367	0.053824350139890904	-2.6484184787371	-0.018188223057054944	2.774799257993701	2.3337732769477757
0.7278327656416517	0.12702192264492118	0.053824562980503185	-2.6484174376228133	-0.018186605286267074	2.7747897043688656	2.333773524267123
0.7278402787713817	0.12675189835594722	0.05386594367948065	-2.648387512203918	-0.01818848545201567	2.7745437828833635	2.333815900590355
0.7278873472226309	0.12640953522130874	0.05397550821047737	-2.64815198412533	-0.018188821142746957	2.7740377611696734	2.33394295256429
0.7279824370771185	0.12595482631791755	0.054151560244835986	-2.647820852074461	-0.01818674024354326	2.773184147545492	2.334065570400742
0.7281103094298197	0.12522397388519343	0.054355641084613736	-2.6474684778407735	-0.018148962160796846	2.771919140769339	2.3343142905113976
0.7282291067819748	0.12416801469403764	0.0546004090784075	-2.6469142216459547	-0.017944701668538936	2.770223217196532	2.334617347034089
0.7283936625450508	0.12279477884899434	0.054916582934335205	-2.64614060390518	-0.017697137901804022	2.768034958624873	2.3349799823628525
0.7285731929121089	0.12126806418180111	0.05521939319462581	-2.645277762641274	-0.017449197132124915	2.76563728506189	2.3353826481170383
0.7287965016305163	0.11895108964712345	0.05568986174949609	-2.6439454537457445	-0.01704794795103045	2.7619180954149902	2.3360304595985126
0.7290399522188531	0.11649619506179956	0.05622132487461062	-2.642524282937802	-0.01661214615226943	2.7580458801276477	2.336658033543421
0.729325112302089	0.1135803912512381	0.05688386977846526	-2.6408303409083502	-0.01610305355707283	2.753461058653585	2.337406433590441
0.7296339049911437	0.11002007030448227	0.05767738487145791	-2.638740598772307	-0.015462475610084245	2.747866718598323	2.338277408090545
0.7299320639458672	0.10609004205440824	0.058561003841558296	-2.6363956008098284	-0.014761958668675239	2.741655512072605	2.339265716536407
0.7302553520111885	0.10165492395953428	0.05955093380451278	-2.6338185674378916	-0.01396298353432339	2.7346800608209962	2.3403127988136307
0.7305924361699856	0.096681527710268	0.06064254330537086	-2.630979071415115	-0.013080180265381752	2.7267201212798042	2.3414493916392973
0.7309573953719453	0.09115704386277536	0.061848919620202	-2.6277178877283407	-0.012121698071454627	2.7180489645382084	2.342703369079647
0.731315251554152	0.0850024416911017	0.06315694620829829	-2.624114514549522	-0.011064317892098167	2.7083480970977463	2.3439913565004296
0.73167431308908	0.07834855770030882	0.06456646076491665	-2.620193611343898	-0.009866632071108878	2.697877056784472	2.3454035584713053
0.7320198615516099	0.07113144016427582	0.06607510089451983	-2.616044186489729	-0.008573511402979081	2.6863650643008055	2.3468449889217573
0.7323454990970303	0.06333672192453002	0.0677331357333376	-2.6114258957897807	-0.007169808249102471	2.674010034443345	2.3483740078376365
0.7326331762581678	0.05477396213612205	0.06951071571058155	-2.606399149730416	-0.005701046279139044	2.6607065981384346	2.349983110078968
0.7328137237358116	0.04572513906303985	0.07139989076679011	-2.6011350273022815	-0.004114428005148136	2.6463521368052776	2.3515966714805225
0.7329068062906482	0.03622097765414821	0.07337230738847628	-2.595531197106134	-0.0023972056261757466	2.631106041243683	2.3532525468526044
0.732940779209826	0.02585151792917318	0.075451216683565	-2.589527436311257	-0.0005951705735424726	2.614976179883491	2.3548742917115226
0.7329375314877987	0.015042000120433583	0.07758454642998096	-2.583121604595146	0.00124824545784343	2.597852456916223	2.3564856100848677
0.732854805147357	0.0035989425377204983	0.0798585839069916	-2.576393228005183	0.0031669751886928745	2.579760600855528	2.3580672866517234
0.7325750294323036	-0.00843717806904563	0.08220167105210724	-2.5694384611795726	0.00519106973407725	2.5607358458009806	2.35958757811081
0.7322179149000747	-0.020992344726772912	0.08457933214631218	-2.5620519177532737	0.007292909182888709	2.5408361281619776	2.361001662781929
0.7317562759067849	-0.034247072933009964	0.08715223069396166	-2.5542476967874235	0.0094405110356466	2.5200761255678508	2.362361745603846
0.7310600372876389	-0.04791775494786273	0.0897534718744499	-2.54625965722477	0.011720807514589215	2.49838531225407	2.363555518634541
0.7300845560307111	-0.06212433208878069	0.09232837399259601	-2.5379736812846048	0.014022208192010222	2.475895405393554	2.364652338041123
0.7289371252079665	-0.07685405821963726	0.09497392037630267	-2.5292727364495144	0.016388691441136864	2.452564116868865	2.3655888756221928
0.7276077248591096	-0.09213923087839455	0.09770905754760767	-2.520353847070098	0.018846246108760373	2.4284381911542567	2.3662993340602334
0.7260144349084832	-0.10783341589939713	0.10053286324159155	-2.5111866076737224	0.021281004674437904	2.403649237774015	2.366800738765777
0.724092921251808	-0.12393994642486328	0.10327220856472734	-2.5016916209996354	0.02377589185047128	2.3781246247251397	2.3670928913697997
0.7218539154462384	-0.14056974344069542	0.10601903230100033	-2.491975333817841	0.02625074524130012	2.3518849032616824	2.3671062542643395
0.7218539154462384	-0.14056974344069542	0.10601903230100033	-2.491975333817841	0.02625074524130012	2.3518849032616824	2.3671062542643395
0.7192669426584993	-0.15747889932586864	0.10874204760258839	-2.4820979251467836	0.02874026437622631	2.3251409193883266	2.3670382708024076
0.7163876977547589	-0.17473001878566147	0.11152735606374238	-2.4718693041438806	0.0313017229994424	2.2978612942974417	2.366407951646496
0.7131272689633882	-0.19240894364430164	0.11428549991816012	-2.4616779259858954	0.033815368519458204	2.269935684760977	2.3653564405532417
0.7093778513674643	-0.21021509766632418	0.11689733577727071	-2.4510760136800305	0.036355938549263216	2.2417156808592082	2.363918663673284
0.7052349574719919	-0.22834129992025423	0.1194594304201801	-2.4404443280740664	0.03885662320281008	2.213018610046777	2.3620031996163338
0.7006276415873443	-0.24671882147185215	0.121967673155592	-2.429768435303283	0.04128741629182492	2.184081661243351	2.3595846280085286
0.6957034887989662	-0.26461085914338084	0.12440283642299513	-2.4191061875798203	0.0436109470315832	2.155725967251081	2.3566879959162508
0.6901272563760248	-0.2831605010846409	0.12681060659168644	-2.4083561976962335	0.04593920827048547	2.126339643660564	2.3530469888791155
0.6839225759953541	-0.3018089165782277	0.12899686759651194	-2.3973087342395094	0.04815860622418975	2.096844259038429	2.34875962900243
0.6771061417449613	-0.3204523980243999	0.13093519675861434	-2.3863434708370983	0.05035026706604875	2.0673176473878834	2.343970371338733
0.6696818426740072	-0.3390159590490195	0.13276098309153903	-2.375474711684995	0.0524351238359933	2.0378476301150252	2.33836995754468
0.6616924787607215	-0.3575552212017844	0.1345777799582919	-2.3645073379302057	0.05437665608574641	2.008634296403197	2.33193314340171
0.6529476743278249	-0.3759411941084226	0.13611850033447137	-2.353807632763179	0.05623820148755958	1.9795498489909638	2.324702146866897
0.6433646039534706	-0.3940008887011748	0.13725556311908094	-2.343009002178246	0.0579256366587095	1.9508639990332919	2.3167246166861237
0.6331893714959574	-0.41187887529167655	0.1383624946980741	-2.3325957903021957	0.059426221802038964	1.9225169077342137	2.307633306699613
0.6221131442741582	-0.42939577549935154	0.1391360861346343	-2.322241520281067	0.0607348258215999	1.8947439895360039	2.2978845096377682
0.6105827870562869	-0.4459791393172699	0.1395902972726021	-2.312405408678694	0.06181765474934884	1.8684364054532616	2.2870773238967876
0.597881120186831	-0.4627589233833377	0.1398683647540309	-2.3025720791110396	0.06277597197139971	1.8418183402577177	2.2753872168777893
0.5845109375519413	-0.47910893866500537	0.13986619456440313	-2.2928585254168574	0.06356379693071632	1.8158887584644159	2.2625259282557715
0.570249879009702	-0.49506530094146123	0.13956958520803453	-2.283484997766764	0.06414608829835529	1.7905756586670463	2.248668459507005
0.5554565676461115	-0.510565266934015	0.13910280206163259	-2.2743060459253597	0.0646021884073149	1.7659138638127094	2.2342451539911643
0.53967546232702	-0.5256961661316745	0.13823404158224484	-2.265320608688969	0.06488593069174108	1.7418824542919524	2.2188858271924645
0.5235995251723476	-0.5403582507897424	0.13734717657220205	-2.2566735324675635	0.06498164182609178	1.7184846645335465	2.202554465292381
0.5065588120046912	-0.5546735375529411	0.13601145735558393	-2.248212842189619	0.06497894501713895	1.695841954480486	2.185450207122285
0.4889943079024202	-0.5684728897978087	0.1344877706732939	-2.2399385765278303	0.06489750703751664	1.6738591175567554	2.1675963606809914
0.47095010597953635	-0.5819326276788672	0.1328405474269649	-2.232008308829716	0.06458377798439692	1.6524811230546383	2.1491622653324245
0.4521959495328042	-0.5948212838791728	0.13090625788243868	-2.22435861873466	0.0641590101795602	1.6318793311835402	2.1299311375859244
0.4328312730118488	-0.6073747332708456	0.12878162661633172	-2.216906329859047	0.06354843353680083	1.6119352942779122	2.110085913390198
0.4132034936888772	-0.6193995352777225	0.1265549156479771	-2.2096718668854516	0.06286426452094532	1.5927210160607213	2.0895734379585664
0.3929426299186823	-0.6310045046245917	0.12413611132290842	-2.202817687002101	0.062008728283611356	1.5742341641183597	2.068550699951598
0.3721654976346437	-0.6421271883386849	0.12140058938511258	-2.1962056372140766	0.061026745984939755	1.5564799391860387	2.046887831031801
0.3509219208902049	-0.6527604657021072	0.11855899164818415	-2.1898287479765384	0.05995016093219017	1.539439953506821	2.024777495494753
0.3293511267826363	-0.6630802437417385	0.11560056656333406	-2.183692885360241	0.058754437676191935	1.5231616519838447	2.0021259309272477
0.307423011446506	-0.6726589024588175	0.1125265534963611	-2.1779180004593135	0.057443213620805206	1.5076095882702645	1.978939818809323
0.28509235119894716	-0.6818770572746067	0.10932808666654743	-2.1724685193784152	0.05602368456233085	1.4928745618666626	1.955269416079033
0.2624349901767089	-0.6906440666269604	0.10594107865450711	-2.167190789607487	0.05451503396542725	1.4789426278847817	1.9311029192916063
0.23938286077292437	-0.698826898197304	0.10243366103590347	-2.162254265188583	0.052935000593312256	1.4657545708518032	1.906774434489659
0.2160823137414642	-0.706611265503501	0.09879647044332339	-2.1576225664610535	0.05124127470311927	1.4533156152724525	1.8820828353481884
0.1925045473260169	-0.7138656966323322	0.09506501792099967	-2.153229743338046	0.04949136818484333	1.4417861999033812	1.856865086024744
0.16868522914914136	-0.7204320394401269	0.09121060217375443	-2.1492807855307774	0.04767530765225139	1.430953887607759	1.8314046229315732
0.1446943711668316	-0.7266128482019049	0.08728751440950266	-2.1455822249334755	0.04584342910075329	1.4210622796847512	1.8058226315619563
0.12055600910834621	-0.7323043184983636	0.08330810918197105	-2.142096227034105	0.04387986456158465	1.4119138921216228	1.7799182242183298
0.09624471865252879	-0.7374729693311244	0.07926913460514284	-2.138855260814458	0.041894073884789634	1.4036905433352358	1.7537029488915559
0.07179541587220557	-0.7420443441096227	0.07520809768816138	-2.1361459424545086	0.039883437057083	1.3962180899461514	1.7275019689086653
0.047207171515172126	-0.7460450959312912	0.07100546148314585	-2.13371148356536	0.03778868518906658	1.3896791793762284	1.7010598906301773
0.02257917428375591	-0.7495349221704921	0.06674713009174363	-2.131549833196478	0.03565034150085876	1.3839636809277407	1.674468270093726
-0.0021566005289527317	-0.7525165226144013	0.06244690475909156	-2.1297406018581997	0.03349694783261762	1.3791354016331887	1.6479486220252657
-0.02690002198800547	-0.7549252125307503	0.05810622502095748	-2.128186893593698	0.03128670936590765	1.3751729093874334	1.6211842890107782
-0.051642311176702815	-0.7567619014878293	0.053766367648943575	-2.1269819526247797	0.029054055402009147	1.3721493950211676	1.5944670035363149
-0.07567364771275664	-0.7579538260839546	0.04954470450835582	-2.1262069399212407	0.02692270081443688	1.370074851016077	1.5686777543760015
-0.10038380507668597	-0.7586004845127731	0.045155467142057724	-2.125714861578852	0.024676687252573392	1.3688398813794131	1.5419227207004353
-0.12503829599195357	-0.7587285649761302	0.04073633742644136	-2.1254823451708735	0.02241369846911119	1.3684654241091696	1.51534324547858
-0.14959297710495706	-0.7583410430242422	0.036322398731714486	-2.1256018251888458	0.020165934887196132	1.368877000599024	1.488990743913578
-0.1740409613238044	-0.7573460837169821	0.03192459126809381	-2.126032695752461	0.017889151669105537	1.3703818252453834	1.4624907196958492
-0.19828966010956867	-0.7557617404010857	0.027605997310806058	-2.1268251846852517	0.015624758965809234	1.3728305238194762	1.4363460488934383
-0.19828966010956867	-0.7557617404010857	0.027605997310806058	-2.1268251846852517	0.015624758965809234	1.3728305238194762	1.4363460488934383
-0.2223584989538456	-0.7535440204137085	0.0233375718641241	-2.128028768966247	0.013436390613397296	1.3762638860091174	1.410445144491925
-0.24617932683902524	-0.7506640644607142	0.019042607443852545	-2.1296429229612173	0.01120263956325813	1.3806916107020182	1.3845426352361192
-0.26982623631685493	-0.747134652640263	0.014808600126094591	-2.1316153177729786	0.009000628888797742	1.386065598430257	1.3590258791362713
-0.2931938880306989	-0.743000451956392	0.01064023006166492	-2.1339883113186313	0.00687584510880181	1.3924829614747825	1.3339053938651313
-0.3163148553589292	-0.7383131334057524	0.006509409054501381	-2.1366800296421995	0.004756196376372754	1.3998661056480606	1.3089514232000496
-0.3391354698682115	-0.7329361880809806	0.0024428204634695185	-2.1397046690345785	0.00266770595435154	1.4082138417438492	1.28431310545044
-0.3616717752819768	-0.7270217568828701	-0.0015404311557218238	-2.143165843429265	0.0006461437839618717	1.417610050129913	1.260044932829965
-0.38388842503605514	-0.7203678178412241	-0.005449979657546749	-2.1470304585351063	-0.0013749454186775141	1.4280318593443235	1.2363641682086473
-0.40566266594655165	-0.7130307923046946	-0.009268910533129152	-2.151295331110195	-0.003361071211337925	1.4394827422554464	1.213078243494144
-0.4269796189840104	-0.7049993346755097	-0.012973325654934378	-2.155919412509075	-0.005254487693574883	1.4519668774860146	1.190070473937943
-0.4478649275742551	-0.6965355751652972	-0.016501189741663525	-2.1609214135016885	-0.0070288243647234116	1.4654805901630954	1.1676314709316535
-0.4683940886296767	-0.6873424040639089	-0.020008236010403288	-2.166253029251284	-0.0088030632511538	1.480114726225527	1.1457012559167914
-0.48848070962608114	-0.6773140806020205	-0.023375535140378618	-2.172151712482797	-0.010492335522794573	1.4957222446086391	1.1244282132848349
-0.5079455322627875	-0.6667074622755411	-0.026627964400995248	-2.178340719102758	-0.012062218832698939	1.5124798049813577	1.103707996578242
-0.5267802581394909	-0.6554000809283886	-0.029599453423902213	-2.1849361892231824	-0.01351230856877277	1.5303171179069481	1.0836375072658397
-0.5452570489434873	-0.6434697921119351	-0.03257230810762716	-2.191972265732433	-0.014939715914253911	1.5492333697203529	1.0641658789947155
-0.5631820709692947	-0.6308838968687421	-0.035418969539037476	-2.19936768142291	-0.01627935861240777	1.5692686658257669	1.0453964810967475
-0.5801947662410692	-0.6174692574698197	-0.03794512765900022	-2.2072321260688805	-0.017453033452085168	1.5903650963609037	1.0272837769938477
-0.5968564836424468	-0.6033567868697964	-0.040412964705063406	-2.21554219787557	-0.01854797196425215	1.6126165396112595	1.0099309137558115
-0.6128842404261665	-0.5886286450237882	-0.04273694350674489	-2.2241925488220327	-0.01955376743338003	1.6360399425134544	0.9934348577721813
-0.6279250948967902	-0.5731995806388962	-0.04468486556199769	-2.233311396023437	-0.020393898802059465	1.6605340942260607	0.9777925380245763
-0.6426115724448211	-0.5570173746670063	-0.0466242832081374	-2.2428728417225643	-0.021180713864161507	1.6862437062416364	0.9629298790152215
-0.6570675303433772	-0.5390764295852901	-0.04835580098374797	-2.253458959585118	-0.02184113833762164	1.7146925893922667	0.9479415553022973
-0.6701098845660027	-0.5213737184558955	-0.04989116454970647	-2.263920818012268	-0.02234242389009892	1.7427540481243082	0.9348109394789706
-0.6822142373773008	-0.5029681230347418	-0.05102322429029068	-2.274698769123763	-0.02270859934851118	1.7720000388048247	0.9227275495775091
-0.6936657265077256	-0.4838012516932172	-0.05208569155534727	-2.2861073613411538	-0.022951028849422114	1.8024004893244892	0.9113472827663754
-0.7040984022013009	-0.46388049862890945	-0.05279861380690967	-2.2977818729890407	-0.02298792389103429	1.834099198581918	0.9012483116385881
-0.7138250344245103	-0.44322165730971314	-0.053352268613269485	-2.310081712870077	-0.022997901271911286	1.8668783053275912	0.8919212471635669
-0.7225371934559259	-0.42183071543852174	-0.05370508592811979	-2.322729450101286	-0.02294508127610967	1.9009551870576638	0.8838698690708836
-0.7303970724332873	-0.39965789948105845	-0.05366045841147289	-2.335827851418074	-0.02258468686731579	1.9362043488137008	0.8766125930164926
-0.737389262108591	-0.37684985900988754	-0.05338959177939146	-2.349377791696227	-0.022052697045041467	1.9724233675942713	0.8706062786625037
-0.7436108042221746	-0.3536262740619734	-0.053080126277338664	-2.3630856572888703	-0.021363151153760727	2.009473275048591	0.8655138158024643
-0.7490044273437763	-0.329967336226002	-0.05248553738168722	-2.3771810747146107	-0.02057153365102818	2.0470036996470906	0.8611820080591841
-0.7537011264526451	-0.3061630867683479	-0.05163975728356055	-2.391224285079712	-0.01966770169022467	2.08491258790145	0.8576110090763068
-0.7578068364848916	-0.28225208090669296	-0.05071216587671812	-2.405467634790375	-0.018693276453541127	2.123004777810772	0.8548267916645866
-0.7613345636511466	-0.25841990272324933	-0.04972322847200573	-2.419606487392251	-0.017638346023750383	2.160996921608197	0.8527501897590741
-0.7642352827310227	-0.23469356329875501	-0.048504313951279444	-2.4336872287578464	-0.016512512467301795	2.198799781516273	0.8512321269808258
-0.7666297443834473	-0.21125219648484442	-0.047143724348264616	-2.447630177847511	-0.015358249475975925	2.2361388593555125	0.8502574202345197
-0.7685611324985098	-0.18817502976441647	-0.045725289354652275	-2.461278803719878	-0.014138349852789292	2.272966438797527	0.8497508724791735
-0.770215789314537	-0.1654702518897061	-0.04435021697617914	-2.474835556529616	-0.01289938818937642	2.3090276411035933	0.8496190401611
-0.771432653704244	-0.14335516925834782	-0.04287521598768929	-2.487906956145844	-0.011663077416700673	2.344317470127165	0.8496299190091543
-0.7723182513864095	-0.12181625054782019	-0.04142548429250069	-2.5007729807749888	-0.01041154424275668	2.3785799377361414	0.8501577430374742
-0.7728379751727062	-0.10100946185595418	-0.039897124377405564	-2.5130396757765974	-0.00913830600043487	2.411842576886709	0.8509884667612506
-0.773200800782128	-0.08094856543749021	-0.03840937858425094	-2.525038665432173	-0.007884695775385652	2.443788772845668	0.8520454954886516
-0.773329815063416	-0.061604082026513574	-0.03695970804775656	-2.536462171800596	-0.006651268364330764	2.474575875198937	0.8533041450512132
-0.7732933843219605	-0.04318316873952938	-0.03551891390601308	-2.5473963421935424	-0.0054768821476968875	2.5039464566612324	0.8546794896852288
-0.7732933843219605	-0.04318316873952938	-0.03551891390601308	-2.5473963421935424	-0.0054768821476968875	2.5039464566612324	0.8546794896852288
-0.7729969167905303	-0.025656313264068094	-0.034046054388548797	-2.5578854526175183	-0.00434176788100268	2.531854450667626	0.8562431846432462
-0.7726493383445234	-0.009074499318784455	-0.03264565526386013	-2.5676342930448115	-0.0031885523718062853	2.5583611847346495	0.8578904510939603
-0.7722539704886227	0.006527355872119997	-0.03134394518359988	-2.577040595114686	-0.0021342662507189583	2.5832193666133656	0.8596072214078285
-0.7717460897632858	0.02115694397163374	-0.030078654549972515	-2.585647555236366	-0.0010924518210982817	2.6065793537724162	0.8613140833751728
-0.7711201705045392	0.03477974953096149	-0.028873577471746917	-2.5937775486720747	-0.00013171970496857663	2.6282440764929675	0.8630286467533316
-0.7704600900907427	0.04729076877734239	-0.02773927660920827	-2.601231408725384	0.0007361769981823175	2.648329451316048	0.8646971607311639
-0.7697516516546268	0.05897814816026169	-0.026703313941080737	-2.6081228026870495	0.001568217140900148	2.666744901228878	0.8663056019728029
-0.7690782721375565	0.06946173844561998	-0.025781250533223898	-2.6143253520300087	0.0023210822982221817	2.683594747973438	0.8678330404082693
-0.768374160193933	0.07895431387107045	-0.024871416574810033	-2.6200720074595494	0.002985395016972669	2.6987644048210835	0.8692436901774636
-0.767728298285266	0.08753071666339192	-0.02406633211765163	-2.625114135216109	0.0036181554495125024	2.712296225196161	0.8705727579532578
-0.767125909935383	0.09502207029600315	-0.023350722914315614	-2.6296086351209147	0.004175810079721503	2.7243483609858457	0.8717908798650635
-0.7665577138616704	0.10161951830955557	-0.022699514356655487	-2.633489397005098	0.004687550514711011	2.7349008935025267	0.8729113784277474
-0.7660447168899827	0.10738454744350831	-0.02216026505574064	-2.636858616758778	0.005109900628760674	2.7439275628207116	0.8738932103478579
-0.7655413563900914	0.1121051313524323	-0.021651322331412762	-2.6397489039756845	0.005492766712370589	2.751620739517772	0.8747497044696976
-0.7651246890933413	0.11611880426538143	-0.02125568186224342	-2.642128215305677	0.005820896014280132	2.758035204107949	0.8754878085019416
-0.7647460083517562	0.1194152407396796	-0.02087835416278942	-2.6440767231901527	0.006064151758825079	2.763160213544231	0.8760959887237657
-0.7644249104238664	0.12196694493157413	-0.02057833297942331	-2.6456086176164955	0.00625135285648136	2.7672227987329205	0.8766029199213426
-0.7641698818923467	0.1238362756749832	-0.020340634542974214	-2.6467104948534517	0.0063956533991909375	2.7702796257519684	0.8770003905161005
-0.7640351238185429	0.12516730305591015	-0.02024439983056311	-2.64750867789559	0.006492990437115863	2.772459074060889	0.8773125526980693
-0.76402696878293	0.1260547416276661	-0.020216563985690394	-2.6480305639879935	0.006567072355361754	2.773883115419335	0.8774708674881899
-0.763969905283533	0.12658360522228132	-0.020186114928575943	-2.6483876263904866	0.006611310706885893	2.7747148898906953	0.877563207241255
-0.7639189816105837	0.12690748254324272	-0.02010842553259221	-2.648597066465142	0.006624159936406964	2.775127115297168	0.8776133417129683
