0.005631446838378906
0.03903770446777344
0.07239413261413574
0.10572195053100586
0.13897299766540527
0.17228221893310547
0.2055807113647461
0.23898077011108398
0.2723386287689209
0.30562353134155273
0.33894920349121094
0.37230706214904785
0.4055049419403076
0.4389369487762451
0.4723036289215088
0.5056450366973877
0.538978099822998
0.5723114013671875
0.6057827472686768
0.6390843391418457
0.6723074913024902
0.7056565284729004
0.7389779090881348
0.7722716331481934
0.8056252002716064
0.8389644622802734
0.872302770614624
0.9056386947631836
0.9389677047729492
0.9722979068756104
1.0056445598602295
1.038896083831787
1.0723118782043457
1.1056239604949951
1.13907790184021
1.17232084274292
1.2056148052215576
1.2389864921569824
1.2723162174224854
1.3055503368377686
1.3388733863830566
1.3722209930419922
1.405604362487793
1.4389705657958984
1.4723377227783203
1.5056393146514893
1.5390033721923828
1.5723116397857666
1.6056220531463623
1.6389970779418945
1.672396183013916
1.7056446075439453
1.738966703414917
1.7723069190979004
1.8056776523590088
1.838829517364502
1.8723101615905762
1.9056308269500732
1.9390084743499756
1.972334623336792
2.0056018829345703
2.0389761924743652
2.0722944736480713
2.1056125164031982
2.1389613151550293
2.172368049621582
2.2057387828826904
2.2389442920684814
2.272282600402832
2.3055648803710938
2.3389601707458496
2.3723325729370117
2.4056384563446045
2.4389753341674805
2.47230863571167
2.5056111812591553
2.5389485359191895
2.5723166465759277
2.6054677963256836
2.6389410495758057
2.672292470932007
2.705733060836792
2.739016532897949
2.772296667098999
2.8056232929229736
2.8389244079589844
2.8722951412200928
2.905622720718384
2.939056634902954
2.972358226776123
3.0056216716766357
3.038970947265625
3.072288990020752
3.1055991649627686
3.138963460922241
3.1722984313964844
3.205631971359253
3.239159107208252
3.272296190261841
3.305642604827881
3.3389742374420166
3.372300863265991
3.4056150913238525
3.438997745513916
3.4722938537597656
3.5056278705596924
3.5389480590820312
3.5722875595092773
3.605534553527832
3.6389803886413574
3.6723103523254395
3.7056422233581543
3.7390096187591553
3.772416591644287
3.805638313293457
3.8388121128082275
3.8723113536834717
3.9056167602539062
3.938966751098633
3.972313404083252
4.005626440048218
4.038954257965088
4.072273015975952
4.105638742446899
4.138960361480713
4.172316074371338
4.205611705780029
4.238972902297974
4.272390127182007
4.305686712265015
4.338958263397217
4.372309923171997
4.40563178062439
4.4389731884002686
4.472266435623169
4.5056374073028564
4.5389533042907715
4.572274684906006
4.60560417175293
4.638959169387817
4.672290802001953
4.705463409423828
4.73892068862915
4.772289037704468
4.805742025375366
4.838980436325073
4.872314929962158
4.905627489089966
4.938964366912842
4.9722654819488525
5.005628347396851
5.039044141769409
5.072272539138794
5.105633497238159
5.139065742492676
5.172264337539673
5.205599784851074
5.238949298858643
5.272303819656372
5.305646181106567
5.3390843868255615
5.372312307357788
5.405642747879028
5.438979864120483
5.472364902496338
