0.02488398551940918
0.05814623832702637
0.09147024154663086
0.12476968765258789
0.15813136100769043
0.19145607948303223
0.22490334510803223
0.25819921493530273
0.29146838188171387
0.324765682220459
0.35811328887939453
0.3914496898651123
0.42481255531311035
0.4581143856048584
0.49143505096435547
0.5247802734375
0.5581200122833252
0.5914530754089355
0.6247944831848145
0.6581246852874756
0.6914515495300293
0.7247536182403564
0.758211612701416
0.7914910316467285
0.8246991634368896
0.8579933643341064
0.8914148807525635
0.9247784614562988
0.9581034183502197
0.9915065765380859
1.0247745513916016
1.0581104755401611
1.0914440155029297
1.124856948852539
1.1581120491027832
1.1915419101715088
1.224806547164917
1.2581632137298584
1.2915639877319336
1.3248276710510254
1.3581678867340088
1.3914554119110107
1.4246320724487305
1.4580903053283691
1.4914109706878662
1.5247764587402344
1.5581226348876953
1.5914490222930908
1.6248834133148193
1.6581230163574219
1.6914455890655518
1.724785566329956
1.7581110000610352
1.7915263175964355
1.8248615264892578
1.8581597805023193
1.891439437866211
1.9247968196868896
1.958113670349121
1.9914422035217285
2.024739980697632
2.0581154823303223
2.0914323329925537
2.1246941089630127
2.158137559890747
2.1913440227508545
2.224757432937622
2.2581076622009277
2.2914509773254395
2.3248887062072754
2.3581385612487793
2.3914575576782227
2.4247829914093018
2.4581141471862793
2.4915404319763184
2.52482008934021
2.558138370513916
2.5912928581237793
2.6248090267181396
2.6581151485443115
2.691446542739868
2.7247745990753174
2.7580385208129883
2.791452169418335
2.824784517288208
2.858242988586426
2.8914568424224854
2.9247939586639404
2.9580886363983154
2.991332769393921
3.0248212814331055
3.057996988296509
3.091456890106201
3.1247787475585938
3.158140182495117
3.1914310455322266
3.2247655391693115
3.258110523223877
3.291429042816162
3.324748992919922
3.3582067489624023
3.39154052734375
3.424800395965576
3.458115339279175
3.4914565086364746
3.5247843265533447
3.5581164360046387
3.591538906097412
3.6247718334198
3.658123016357422
3.6914405822753906
3.7247891426086426
3.758108377456665
3.7914483547210693
3.8247435092926025
3.858096122741699
3.8915607929229736
3.9248173236846924
3.9580419063568115
3.9914395809173584
4.024790525436401
4.058149814605713
4.091448068618774
4.1247878074646
4.158101797103882
4.191468954086304
4.224796295166016
4.258119821548462
4.291271209716797
4.324812889099121
4.358123302459717
4.391446352005005
4.4249255657196045
4.458120822906494
4.4914610385894775
4.524794101715088
4.558136224746704
4.591527462005615
4.624773263931274
4.6581361293792725
4.691446781158447
4.724708318710327
4.758134126663208
4.791378021240234
4.824821710586548
4.85812783241272
4.891439437866211
4.924832344055176
4.958238840103149
4.991478204727173
5.024835824966431
5.05811619758606
5.09144926071167
5.124801158905029
5.158106565475464
5.191429138183594
5.224743843078613
5.258113622665405
5.291444301605225
5.324673414230347
5.35811448097229
5.391448736190796
5.424795389175415
5.458208084106445
5.491383075714111
