-0.07721227407455444	16.151723861694336	-12.8529691696167	11.266910552978516	1.3958849906921387	0.9760087132453918	0.4809108078479767
-0.03753942251205444	16.112051010131836	-12.8926420211792	11.302616119384766	1.3958849906921387	0.9860795140266418	0.3802028000354767
-0.03753942251205444	16.112051010131836	-13.0433988571167	11.377994537353516	1.3693346977233887	0.9164994359016418	0.4406276047229767
0.11321741342544556	16.036672592163086	-13.2735013961792	11.489078521728516	1.2988390922546387	0.9164994359016418	0.4809108078479767
0.07751184701919556	15.996999740600586	-13.15845012664795	11.453372955322266	1.0424914360046387	0.8771317601203918	0.5221095085144043
-0.03753942251205444	15.921621322631836	-13.49963665008545	11.342288970947266	0.7339586615562439	0.9064286351203918	0.5321803092956543
0.18859583139419556	16.112051010131836	-13.38855266571045	11.604129791259766	0.5664171576499939	0.9265702366828918	0.5321803092956543
0.34331995248794556	15.961294174194336	-13.38855266571045	11.528751373291016	0.5224718451499939	0.9265702366828918	0.5724635124206543
0.18859583139419556	15.961294174194336	-13.4639310836792	11.675540924072266	0.4959215521812439	0.9558671116828918	0.4809108078479767
0.30364710092544556	15.961294174194336	-13.6146879196167	11.675540924072266	0.4959215521812439	1.035517930984497	0.5623927116394043
0.49407678842544556	15.810537338256836	-13.4242582321167	11.675540924072266	0.4254259467124939	0.9961503148078918	0.5010523796081543
0.41869837045669556	15.810537338256836	-13.6940336227417	11.675540924072266	0.3723253607749939	1.035517930984497	0.5120387077331543
0.22826868295669556	15.885915756225586	-13.8844633102417	11.790592193603516	0.3457750678062439	1.074885606765747	0.5221095085144043
0.07751184701919556	15.770864486694336	-14.0748929977417	11.715213775634766	0.2661241888999939	1.045588731765747	0.5321803092956543
0.22826868295669556	15.735158920288086	-13.8447904586792	11.675540924072266	0.2221788913011551	1.074885606765747	0.4809108078479767
0.5337496399879456	15.544729232788086	-13.6146879196167	12.012760162353516	0.1864733248949051	1.114253282546997	0.5523219108581543
0.7202120423316956	15.505056381225586	-13.72973918914795	12.163516998291016	0.1690783053636551	1.124324083328247	0.5010523796081543
0.15289026498794556	15.580434799194336	-14.34070110321045	12.163516998291016	0.2569689154624939	1.095027208328247	0.4809108078479767
0.30364710092544556	15.318593978881836	-13.95984172821045	11.977054595947266	0.2130236178636551	1.084956407546997	0.5825343132019043
0.18859583139419556	15.163869857788086	-14.34070110321045	12.088138580322266	0.2304186373949051	1.074885606765747	0.5221095085144043
0.11321741342544556	15.354299545288086	-14.6461820602417	12.238895416259766	0.2926744818687439	1.173762559890747	0.5321803092956543
1.2557954788208008	14.862356185913086	-13.72973918914795	12.687198638916016	0.2038683444261551	1.173762559890747	0.4104152023792267
0.49407678842544556	14.711599349975586	-14.6065092086792	12.687198638916016	0.3274645209312439	1.154536485671997	0.4204860031604767
-0.18829625844955444	15.013113021850586	-14.91199016571045	12.576114654541016	0.2926744818687439	1.154536485671997	0.3490748703479767
0.49407678842544556	14.596548080444336	-15.14209270477295	13.064090728759766	0.3366197943687439	1.183833360671997	0.3490748703479767
0.8749361634254456	13.878469467163086	-14.2256498336792	13.139469146728516	0.3366197943687439	1.074885606765747	0.4607692062854767
-0.03753942251205444	14.255361557006836	-14.91199016571045	13.099796295166016	0.4071153998374939	1.163691759109497	0.4204860031604767
0.7202120423316956	13.763418197631836	-15.75305461883545	13.437015533447266	0.4071153998374939	1.312007188796997	0.4104152023792267
0.03783899545669556	13.497610092163086	-15.0667142868042	13.813907623291016	0.4071153998374939	1.243342638015747	0.4305568039417267
1.1010713577270508	13.688039779663086	-14.95166301727295	13.099796295166016	0.3723253607749939	1.005305528640747	0.4406276047229767
0.6845064759254456	13.005666732788086	-15.67370891571045	14.000370025634766	0.4602159857749939	1.302851915359497	0.5221095085144043
-0.26764196157455444	12.704153060913086	-15.94348430633545	13.960697174072266	0.3897203803062439	1.253413438796997	0.4406276047229767
0.37902551889419556	12.287588119506836	-16.590152740478516	14.484378814697266	0.4162706732749939	1.391658067703247	0.4909816086292267
0.37902551889419556	12.287588119506836	-16.590152740478516	14.484378814697266	0.4162706732749939	1.391658067703247	0.4909816086292267
-0.15259069204330444	12.247915267944336	-15.90381145477295	14.075748443603516	0.4776110053062439	1.114253282546997	0.5623927116394043
0.34331995248794556	11.605215072631836	-16.284671783447266	14.674808502197266	0.4162706732749939	1.253413438796997	0.5221095085144043
1.1764497756958008	11.906728744506836	-15.75305461883545	14.936649322509766	0.3897203803062439	1.193904161453247	0.4607692062854767
-0.30334752798080444	10.847463607788086	-16.855960845947266	14.635135650634766	0.3805651068687439	1.163691759109497	0.5010523796081543
1.1010713577270508	10.998220443725586	-15.71338176727295	15.420658111572266	0.3988756537437439	1.193904161453247	0.5010523796081543
-0.07721227407455444	10.581655502319336	-16.895633697509766	15.349246978759766	0.2752794623374939	1.243342638015747	0.5010523796081543
0.03783899545669556	9.597768783569336	-17.010684967041016	15.349246978759766	0.2926744818687439	1.105098009109497	0.4305568039417267
0.26794153451919556	9.673147201538086	-16.820255279541016	16.059391021728516	0.4162706732749939	1.154536485671997	0.4204860031604767
-0.26764196157455444	9.331960678100586	-17.351871490478516	15.872928619384766	0.3018297553062439	1.272639513015747	0.4104152023792267
0.49407678842544556	8.574209213256836	-16.820255279541016	15.460330963134766	0.3100695013999939	1.064814805984497	0.5120387077331543
1.2161226272583008	9.105825424194336	-15.8284330368042	16.170475006103516	0.2835192084312439	1.134394884109497	0.5120387077331543
0.15289026498794556	8.383779525756836	-16.744876861572266	16.134769439697266	0.3274645209312439	1.233271837234497	0.5321803092956543
-0.30334752798080444	7.665701389312744	-17.236820220947266	16.134769439697266	0.2221788913011551	1.193904161453247	0.5221095085144043
0.6448336243629456	7.399893283843994	-16.439395904541016	16.583072662353516	0.2661241888999939	1.045588731765747	0.4607692062854767
0.26794153451919556	7.134085178375244	-16.475101470947266	16.471988677978516	0.2569689154624939	1.203974962234497	0.3802028000354767
-0.26764196157455444	6.792898654937744	-16.360050201416016	16.583072662353516	0.3274645209312439	1.144465684890747	0.3490748703479767
0.6845064759254456	6.602468967437744	-15.9791898727417	16.884586334228516	0.2752794623374939	1.193904161453247	0.035048987716436386
-0.37872594594955444	6.451712131500244	-16.360050201416016	16.396610260009766	0.1333727389574051	1.223201036453247	0.06526139378547668
-0.6842069029808044	5.844717502593994	-16.133914947509766	16.321231842041016	0.2038683444261551	1.223201036453247	-0.06657454371452332
0.8749361634254456	5.618582248687744	-14.95166301727295	16.959964752197266	0.2569689154624939	1.163691759109497	-0.056503746658563614
0.22826868295669556	5.693960666656494	-15.1777982711792	17.408267974853516	0.2835192084312439	1.183833360671997	-0.12699934840202332
-0.9857205748558044	4.710073947906494	-15.5983304977417	17.106754302978516	0.2569689154624939	1.282710313796997	-0.2689060866832733
-0.15259069204330444	4.785452365875244	-14.7969388961792	16.547367095947266	0.2752794623374939	1.064814805984497	-0.24876448512077332
0.7995577454566956	4.936209201812744	-13.6940336227417	17.332889556884766	0.3457750678062439	1.055659532546997	-0.3403172194957733
-0.6088284850120544	3.912649631500244	-14.53113079071045	17.483646392822266	0.1864733248949051	1.203974962234497	-0.3091892898082733
-0.5691556334495544	3.801565647125244	-14.18994426727295	17.146427154541016	0.2569689154624939	1.095027208328247	-0.2588352859020233
-0.18829625844955444	4.142752170562744	-13.38855266571045	17.182132720947266	0.2304186373949051	1.213130235671997	-0.3403172194957733
-0.5334500670433044	3.385000705718994	-13.4242582321167	17.483646392822266	0.2661241888999939	1.074885606765747	-0.3192600905895233
0.49407678842544556	3.496084690093994	-12.12695598602295	17.443973541259766	0.3100695013999939	1.203974962234497	-0.3503880202770233
-0.07721227407455444	3.194571018218994	-12.0912504196167	17.071048736572266	0.3366197943687439	1.035517930984497	-0.2588352859020233
-0.7595853209495544	2.321768283843994	-12.5117826461792	17.781192779541016	0.2926744818687439	1.253413438796997	-0.3403172194957733
-0.15259069204330444	2.928762912750244	-11.4802885055542	17.594730377197266	0.2569689154624939	1.203974962234497	-0.20848128199577332
-0.7595853209495544	2.436819553375244	-11.4802885055542	17.257511138916016	0.1864733248949051	1.243342638015747	-0.3091892898082733
0.45440393686294556	2.246389865875244	-10.22265911102295	17.630435943603516	0.4254259467124939	1.134394884109497	-0.22862288355827332
0.11321741342544556	2.361441135406494	-9.84179973602295	17.221805572509766	0.3723253607749939	1.084956407546997	-0.4007420241832733
-0.26764196157455444	1.6433624029159546	-9.5363187789917	17.483646392822266	0.4071153998374939	1.064814805984497	-0.2689060866832733
-0.22796911001205444	1.9805816411972046	-9.1157865524292	17.519351959228516	0.4602159857749939	1.064814805984497	-0.3302464187145233
-0.9103421568870544	1.3378814458847046	-9.1554594039917	17.146427154541016	0.2569689154624939	1.163691759109497	-0.3091892898082733
-0.15259069204330444	1.7941192388534546	-8.1239652633667	17.630435943603516	0.3723253607749939	1.193904161453247	-0.3705296218395233
-0.5691556334495544	1.1871246099472046	-7.893862724304199	17.293216705322266	0.3366197943687439	1.144465684890747	-0.2890476882457733
0.5337496399879456	1.0363677740097046	-6.675906181335449	17.781192779541016	0.4336656928062439	1.114253282546997	-0.2890476882457733
0.03783899545669556	1.2267974615097046	-6.600527763366699	17.257511138916016	0.5224718451499939	1.045588731765747	-0.2890476882457733
0.22826868295669556	1.1871246099472046	-5.723757743835449	17.257511138916016	0.4867662787437439	1.134394884109497	-0.2789768874645233
-0.37872594594955444	1.0720733404159546	-5.533328056335449	17.182132720947266	0.4428209662437439	1.144465684890747	-0.2890476882457733
0.0021334290504455566	0.8062652349472046	-4.997744560241699	17.368595123291016	0.5041612982749939	1.134394884109497	-0.2689060866832733
-0.34302037954330444	0.9609893560409546	-4.692263603210449	17.106754302978516	0.4602159857749939	1.105098009109497	-0.3091892898082733
-0.30334752798080444	1.2267974615097046	-4.271731376647949	17.221805572509766	0.4510607123374939	1.124324083328247	-0.3403172194957733
-0.37872594594955444	1.3378814458847046	-3.2799103260040283	17.221805572509766	0.4510607123374939	1.074885606765747	-0.3302464187145233
-0.37872594594955444	1.3378814458847046	-3.2799103260040283	17.221805572509766	0.4510607123374939	1.074885606765747	-0.3302464187145233
0.18859583139419556	1.1474517583847046	-2.6729156970977783	17.031375885009766	0.4959215521812439	1.015376329421997	-0.21855208277702332
0.30364710092544556	1.0363677740097046	-1.9865753650665283	17.106754302978516	0.6195177435874939	1.084956407546997	-0.3302464187145233
0.26794153451919556	1.0720733404159546	-1.4509918689727783	16.959964752197266	0.7431139349937439	1.074885606765747	-0.3705296218395233
0.18859583139419556	1.3021758794784546	-0.9550812244415283	16.884586334228516	0.6103624701499939	1.095027208328247	-0.24876448512077332
0.03783899545669556	1.2625030279159546	-0.5345489978790283	16.884586334228516	0.5746569037437439	1.025447130203247	-0.3091892898082733
-0.22796911001205444	1.0720733404159546	-0.19336247444152832	16.844913482666016	0.5572618842124939	1.074885606765747	-0.2991184890270233
-0.11291784048080444	0.9966949224472046	0.18749690055847168	16.920291900634766	0.6808580756187439	1.015376329421997	-0.3192600905895233
-0.37872594594955444	1.3775542974472046	0.6080291271209717	16.769535064697266	0.6369127631187439	1.055659532546997	-0.2890476882457733
-0.07721227407455444	1.6036895513534546	1.3697478771209717	16.769535064697266	0.6808580756187439	0.9961503148078918	-0.3806004226207733
-0.15259069204330444	1.5640166997909546	2.2861907482147217	16.769535064697266	0.5929674506187439	0.9659379124641418	-0.21855208277702332
-0.03753942251205444	1.4886382818222046	2.8574798107147217	16.884586334228516	0.7165636420249939	0.9366410374641418	-0.3503880202770233
0.6448336243629456	1.3775542974472046	3.4684417247772217	16.694156646728516	0.7513536810874939	0.8972733616828918	-0.2890476882457733
0.5337496399879456	1.7187408208847046	3.8889739513397217	16.733829498291016	0.7870592474937439	0.8972733616828918	-0.3091892898082733
-0.11291784048080444	1.8694976568222046	4.535641670227051	16.507694244384766	0.7513536810874939	1.025447130203247	-0.24876448512077332
-0.26764196157455444	1.9805816411972046	4.991879463195801	16.658451080322266	0.7165636420249939	1.163691759109497	-0.3705296218395233
-0.45410436391830444	1.8298248052597046	5.261654853820801	16.507694244384766	0.7605089545249939	1.154536485671997	-0.2991184890270233
0.11321741342544556	1.9448760747909546	5.602841377258301	16.170475006103516	0.7870592474937439	1.183833360671997	-0.2890476882457733
-0.34302037954330444	2.095633029937744	6.213803291320801	16.245853424072266	0.7696642279624939	1.292781114578247	-0.3806004226207733
0.18859583139419556	2.551870822906494	7.205624580383301	16.059391021728516	0.8667101263999939	1.223201036453247	-0.3192600905895233
0.45440393686294556	2.702627658843994	7.891964912414551	16.095096588134766	0.7779039740562439	1.262568712234497	-0.4007420241832733
0.9503145813941956	2.662954807281494	8.5783052444458	15.984012603759766	1.1404528617858887	1.262568712234497	-0.23869368433952332
-0.11291784048080444	2.738333225250244	8.3878755569458	15.757877349853516	0.9188951849937439	1.163691759109497	-0.3604588210582733
0.15289026498794556	2.702627658843994	9.3400239944458	15.722171783447266	0.7870592474937439	1.203974962234497	-0.3503880202770233
-0.6445340514183044	3.194571018218994	9.03454303741455	15.571414947509766	0.8667101263999939	1.193904161453247	-0.3302464187145233
0.26794153451919556	3.686514377593994	9.8002290725708	15.646793365478516	0.9454454779624939	1.134394884109497	-0.3806004226207733
-0.45410436391830444	4.142752170562744	9.9509859085083	15.309574127197266	0.7339586615562439	1.114253282546997	-0.3705296218395233
0.7598848938941956	4.103079319000244	11.7441987991333	15.984012603759766	0.9372057318687439	1.173762559890747	-0.2588352859020233
0.5337496399879456	4.293509006500244	11.5537691116333	15.571414947509766	0.9188951849937439	1.105098009109497	-0.2890476882457733
0.7202120423316956	4.785452365875244	12.2758150100708	15.234195709228516	0.9985460638999939	1.045588731765747	-0.2991184890270233
-0.30334752798080444	5.467825412750244	12.1250581741333	15.047733306884766	0.8841051459312439	0.9265702366828918	-0.2991184890270233
0.15289026498794556	5.467825412750244	12.66064167022705	15.158817291259766	0.9106554388999939	1.055659532546997	-0.3192600905895233
-0.45410436391830444	5.959768772125244	12.8867769241333	15.309574127197266	0.8483995795249939	0.9265702366828918	-0.4108128249645233
0.7202120423316956	6.376333713531494	14.2594575881958	15.123111724853516	0.8749498724937439	1.045588731765747	-0.3192600905895233
0.6845064759254456	6.868277072906494	14.4498872756958	15.158817291259766	0.8932604193687439	1.074885606765747	-0.3503880202770233
0.6091280579566956	6.943655490875244	15.0608491897583	14.936649322509766	0.8841051459312439	0.9467118382453918	-0.2789768874645233
-0.5691556334495544	7.435598850250244	14.4498872756958	15.012027740478516	0.7870592474937439	0.8377640843391418	-0.3806004226207733
0.18859583139419556	8.193349838256836	14.8704195022583	14.297916412353516	0.8749498724937439	0.8670609593391418	-0.3192600905895233
0.7202120423316956	8.689260482788086	16.243099212646484	14.750186920166016	0.8483995795249939	0.8276932835578918	-0.2588352859020233
0.6091280579566956	9.066152572631836	16.663631439208984	14.710514068603516	0.8667101263999939	0.9164994359016418	-0.4007420241832733
0.07751184701919556	8.875722885131836	16.397823333740234	13.849613189697266	0.6726183295249939	0.8075516819953918	-0.3403172194957733
-0.07721227407455444	10.355520248413086	15.93761920928955	13.849613189697266	0.7339586615562439	0.8569901585578918	-0.3091892898082733
0.49407678842544556	10.391225814819336	17.960933685302734	13.663150787353516	0.6808580756187439	0.7388871312141418	-0.3503880202770233
0.7598848938941956	10.847463607788086	17.806209564208984	13.849613189697266	0.8483995795249939	0.9164994359016418	-0.3604588210582733
-0.07721227407455444	11.375112533569336	18.075984954833984	13.548099517822266	0.7431139349937439	0.8771317601203918	-0.3705296218395233
-0.49377721548080444	12.057485580444336	17.691158294677734	12.762577056884766	0.6277574896812439	0.6793778538703918	-0.3705296218395233
0.9899874329566956	12.704153060913086	19.408992767333984	13.214847564697266	0.7248033881187439	0.8771317601203918	-0.2689060866832733
0.41869837045669556	12.628774642944336	19.369319915771484	12.877628326416016	0.8044542670249939	0.7681840062141418	-0.3091892898082733
0.41869837045669556	13.688039779663086	19.599422454833984	12.687198638916016	0.6195177435874939	0.8972733616828918	-0.4309544265270233
0.41869837045669556	13.688039779663086	19.599422454833984	12.687198638916016	0.6195177435874939	0.8972733616828918	-0.4309544265270233
-0.34302037954330444	13.422231674194336	18.913082122802734	12.425357818603516	0.5224718451499939	0.6299393773078918	-0.4108128249645233
-0.34302037954330444	14.711599349975586	19.143184661865234	12.500736236572266	0.5572618842124939	0.6986039280891418	-0.3806004226207733
0.11321741342544556	14.747304916381836	19.980281829833984	12.238895416259766	0.5490221381187439	0.7782548069953918	-0.4108128249645233
0.6091280579566956	15.354299545288086	20.285762786865234	11.790592193603516	0.5133165717124939	0.8377640843391418	-0.4620823562145233
0.6091280579566956	15.620107650756836	21.011775970458984	12.278568267822266	0.5746569037437439	0.9760087132453918	-0.4510960280895233
0.26794153451919556	15.961294174194336	20.551570892333984	11.266910552978516	0.4693712592124939	0.7782548069953918	-0.3906712234020233
0.26794153451919556	15.885915756225586	21.011775970458984	11.826297760009766	0.4693712592124939	0.9265702366828918	-0.4108128249645233
0.41869837045669556	16.679372787475586	20.630916595458984	10.854312896728516	0.4254259467124939	0.7489579319953918	-0.3705296218395233
-0.15259069204330444	17.095937728881836	20.706295013427734	10.929691314697266	0.3631700873374939	0.7681840062141418	-0.4007420241832733
0.45440393686294556	17.210988998413086	20.019954681396484	10.667850494384766	0.2661241888999939	0.8276932835578918	-0.4309544265270233
-1.0650663375854492	17.627553939819336	19.293941497802734	10.029117584228516	0.2926744818687439	0.6198685765266418	-0.4822239577770233
-0.03753942251205444	17.778310775756836	20.135005950927734	10.406009674072266	0.2835192084312439	0.7681840062141418	-0.4510960280895233
0.6448336243629456	17.667226791381836	20.821346282958984	9.580814361572266	0.2661241888999939	0.7086747288703918	-0.4620823562145233
-0.7992581725120544	18.083791732788086	19.750179290771484	9.842655181884766	0.2752794623374939	0.7388871312141418	-0.3806004226207733
0.03783899545669556	18.762197494506836	19.599422454833984	9.243595123291016	0.10682244598865509	0.8276932835578918	-0.4309544265270233
0.49407678842544556	18.345632553100586	20.932430267333984	8.981754302978516	0.10682244598865509	0.8377640843391418	-0.3705296218395233
-0.6842069029808044	19.143056869506836	19.524044036865234	9.243595123291016	0.1425280123949051	0.8670609593391418	-0.4108128249645233
-0.26764196157455444	18.686819076538086	20.285762786865234	9.168216705322266	0.08027215301990509	0.8569901585578918	-0.4510960280895233
-0.15259069204330444	18.841543197631836	19.178890228271484	8.307315826416016	0.05463738739490509	0.6894486546516418	-0.3705296218395233
0.0021334290504455566	18.992300033569336	20.170711517333984	8.755619049072266	0.08942742645740509	0.8569901585578918	-0.4922947585582733
-0.26764196157455444	19.369192123413086	19.750179290771484	8.196231842041016	0.0015368005260825157	0.7388871312141418	-0.4108128249645233
-0.45410436391830444	18.651113510131836	18.913082122802734	8.343021392822266	0.03632684051990509	0.7681840062141418	-0.4620823562145233
-0.37872594594955444	19.178762435913086	19.559749603271484	8.382694244384766	-0.06895880401134491	0.8176224827766418	-0.4007420241832733
-0.11291784048080444	19.408864974975586	19.750179290771484	8.005802154541016	-0.04332403838634491	0.8377640843391418	-0.4309544265270233
0.11321741342544556	18.992300033569336	19.028133392333984	7.708256244659424	-0.06071905791759491	0.7581132054328918	-0.4620823562145233
-0.34302037954330444	19.067678451538086	18.952754974365234	7.859013080596924	-0.06071905791759491	0.8478348851203918	-0.5023655891418457
-0.18829625844955444	19.218435287475586	19.218563079833984	7.819340229034424	-0.08726935088634491	0.8377640843391418	-0.3906712234020233
-0.15259069204330444	19.103384017944336	18.988460540771484	7.632877826690674	-0.12205938994884491	0.8771317601203918	-0.4510960280895233
0.0021334290504455566	19.218435287475586	19.028133392333984	7.597172260284424	-0.1486096829175949	0.8478348851203918	-0.4822239577770233
0.07751184701919556	19.293813705444336	18.988460540771484	7.371037006378174	-0.1577649563550949	0.8569901585578918	-0.4620823562145233
0.18859583139419556	19.143056869506836	18.913082122802734	7.371037006378174	-0.1669202297925949	0.8276932835578918	-0.4309544265270233
-0.30334752798080444	18.992300033569336	18.492549896240234	7.557499408721924	-0.1669202297925949	0.8377640843391418	-0.4721531569957733
-0.18829625844955444	19.143056869506836	18.722652435302734	7.482120990753174	-0.1751599758863449	0.8176224827766418	-0.5023655891418457
