0.013026237487792969
0.04635310173034668
0.07961821556091309
0.11286807060241699
0.1462268829345703
0.17957353591918945
0.21282196044921875
0.2462315559387207
0.2795979976654053
0.3128695487976074
0.34623146057128906
0.3795621395111084
0.4129173755645752
0.446260929107666
0.47949695587158203
0.5129034519195557
0.5464990139007568
0.5796012878417969
0.6127746105194092
0.6462221145629883
0.6795649528503418
0.7128915786743164
0.7461013793945312
0.7795372009277344
0.8128843307495117
0.846210241317749
0.8795745372772217
0.9130070209503174
0.9462227821350098
0.9795527458190918
1.0128941535949707
1.0462241172790527
1.0795629024505615
1.1129631996154785
1.1462481021881104
1.179544448852539
1.2128007411956787
1.246232032775879
1.279581069946289
1.312903642654419
1.3462259769439697
1.3795912265777588
1.412888765335083
1.4462800025939941
1.4795677661895752
1.5128154754638672
1.546241044998169
1.5795917510986328
1.6130001544952393
1.6462323665618896
1.6795389652252197
1.712864637374878
1.7462258338928223
1.7795708179473877
1.8128747940063477
1.8461949825286865
1.8795676231384277
1.9128937721252441
1.9462018013000488
1.9795687198638916
2.0128250122070312
2.046229839324951
2.0795698165893555
2.1129720211029053
2.1463351249694824
2.1794321537017822
2.212836980819702
2.24623966217041
2.279560089111328
2.312858819961548
2.346099376678467
2.3796136379241943
2.4128942489624023
2.4462387561798096
2.4795854091644287
2.512906789779663
2.5462472438812256
2.579580068588257
2.6129257678985596
2.6463301181793213
2.6795921325683594
2.7128612995147705
2.746234655380249
2.779571056365967
2.8127658367156982
2.846230983734131
2.87957501411438
2.912890672683716
2.946234703063965
2.979586362838745
3.0129103660583496
3.046210527420044
3.0795600414276123
3.1129043102264404
3.1462080478668213
3.1796486377716064
3.212904930114746
3.246246576309204
3.279557228088379
3.312896490097046
3.3462276458740234
3.379570722579956
3.412822723388672
3.446237325668335
3.479565382003784
3.5129098892211914
3.5462288856506348
3.5796027183532715
3.6128990650177
3.646225929260254
3.6796369552612305
3.7128663063049316
3.746255397796631
3.7795794010162354
3.8129096031188965
3.846122980117798
3.8795676231384277
3.9128944873809814
3.9462127685546875
3.9795773029327393
4.012908220291138
4.046232223510742
4.0794761180877686
4.112874507904053
4.14617657661438
4.179552793502808
4.2130396366119385
4.246246576309204
4.2794129848480225
4.312901735305786
4.346116065979004
4.37939190864563
4.4128193855285645
4.44623327255249
4.479566812515259
4.512903928756714
4.546247482299805
4.579523801803589
4.61289119720459
4.6461262702941895
4.679542541503906
4.71290135383606
4.746490240097046
4.779609203338623
4.812914133071899
4.846230745315552
4.879536151885986
4.912898302078247
4.946207046508789
4.979562520980835
5.012902736663818
5.046223163604736
5.079553842544556
5.112899541854858
5.1462321281433105
5.179560422897339
5.2128965854644775
5.246268033981323
5.279640436172485
5.31292462348938
5.346236228942871
5.379577159881592
5.412872552871704
5.446194648742676
5.47956657409668
