0.34331995248794556	-23.358469009399414	-0.7646515369415283	12.877628326416016	0.9188951849937439	1.322077989578247	0.4406276047229767
0.34331995248794556	-23.398141860961914	-0.6892731189727783	12.877628326416016	0.9106554388999939	1.322077989578247	0.5321803092956543
0.37902551889419556	-23.473520278930664	-0.6892731189727783	12.877628326416016	0.9106554388999939	1.292781114578247	0.3701319992542267
0.41869837045669556	-23.663949966430664	-0.7249786853790283	13.024417877197266	0.8841051459312439	1.292781114578247	0.09638932347297668
0.37902551889419556	-24.191598892211914	-0.7646515369415283	13.139469146728516	0.8136095404624939	1.322077989578247	-0.045517418533563614
0.37902551889419556	-23.739328384399414	-0.8043243885040283	12.988712310791016	0.6277574896812439	1.253413438796997	-0.10685774683952332
0.30364710092544556	-24.080514907836914	-0.8400299549102783	13.175174713134766	0.4776110053062439	1.243342638015747	-0.17735335230827332
0.5337496399879456	-24.382028579711914	-0.6496002674102783	13.325931549072266	0.3805651068687439	1.262568712234497	-0.14714094996452332
0.6845064759254456	-24.346323013305664	-0.4988434314727783	13.476688385009766	0.3366197943687439	1.262568712234497	-0.2588352859020233
0.45440393686294556	-24.382028579711914	-0.7249786853790283	13.476688385009766	0.3457750678062439	1.213130235671997	-0.2588352859020233
0.34331995248794556	-24.421701431274414	-0.8797028064727783	13.623477935791016	0.3192247748374939	1.233271837234497	-0.21855208277702332
0.6448336243629456	-24.532785415649414	-0.5742218494415283	13.738529205322266	0.2487291842699051	1.272639513015747	-0.2991184890270233
0.6091280579566956	-24.762887954711914	-0.5742218494415283	13.813907623291016	0.2038683444261551	1.223201036453247	-0.19841048121452332
0.34331995248794556	-24.647836685180664	-0.8400299549102783	13.924991607666016	0.1690783053636551	1.272639513015747	-0.18833968043327332
0.34331995248794556	-24.723215103149414	-0.7249786853790283	14.111454010009766	0.08942742645740509	1.243342638015747	-0.21855208277702332
0.6448336243629456	-24.457406997680664	-0.5742218494415283	14.111454010009766	0.06287713348865509	1.243342638015747	-0.3091892898082733
0.5337496399879456	-24.346323013305664	-0.5345489978790283	14.222537994384766	0.04548211395740509	1.203974962234497	-0.24876448512077332
0.41869837045669556	-24.838266372680664	-0.6138947010040283	14.559757232666016	-0.01677374541759491	1.302851915359497	-0.3192600905895233
0.41869837045669556	-24.873971939086914	-0.5742218494415283	14.710514068603516	-0.05156378448009491	1.282710313796997	-0.3403172194957733
0.34331995248794556	-24.306650161743164	-0.6138947010040283	14.559757232666016	-0.02501349151134491	1.312007188796997	-0.18833968043327332
0.34331995248794556	-24.155893325805664	-0.4988434314727783	14.448673248291016	-0.05156378448009491	1.223201036453247	-0.21855208277702332
0.37902551889419556	-24.687509536743164	-0.4988434314727783	15.273868560791016	0.08942742645740509	1.282710313796997	-0.20848128199577332
0.5337496399879456	-24.647836685180664	-0.3441193103790283	15.123111724853516	0.10682244598865509	1.312007188796997	-0.2689060866832733
0.49407678842544556	-23.814706802368164	-0.3084137439727783	15.047733306884766	0.01893182098865509	1.262568712234497	-0.3906712234020233
0.37902551889419556	-24.080514907836914	-0.3084137439727783	15.833255767822266	0.11597771942615509	1.272639513015747	-0.21855208277702332
0.26794153451919556	-24.421701431274414	-0.4194977283477783	15.797550201416016	0.09858269989490509	1.243342638015747	-0.24876448512077332
0.07751184701919556	-23.513193130493164	-0.5742218494415283	16.023685455322266	0.1782335788011551	1.193904161453247	-0.2890476882457733
0.37902551889419556	-23.929758071899414	-0.19336247444152832	16.023685455322266	0.09858269989490509	1.302851915359497	-0.3302464187145233
0.5694552063941956	-23.699655532836914	-0.03863835334777832	16.396610260009766	0.1782335788011551	1.322077989578247	-0.2890476882457733
0.49407678842544556	-23.739328384399414	-0.07831120491027832	16.658451080322266	0.1864733248949051	1.223201036453247	-0.3091892898082733
0.03783899545669556	-23.398141860961914	-0.22906804084777832	16.995670318603516	0.2926744818687439	1.272639513015747	-0.3192600905895233
-0.07721227407455444	-23.017282485961914	-0.3441193103790283	16.769535064697266	0.2569689154624939	1.282710313796997	-0.3091892898082733
0.03783899545669556	-23.322763442993164	-0.22906804084777832	17.559024810791016	0.3192247748374939	1.193904161453247	-0.3503880202770233
0.22826868295669556	-23.017282485961914	-0.0029327869415283203	17.745487213134766	0.2038683444261551	1.243342638015747	-0.17735335230827332
0.15289026498794556	-22.108774185180664	0.07641291618347168	17.257511138916016	0.3192247748374939	1.253413438796997	-0.4108128249645233
0.0021334290504455566	-22.073068618774414	0.11211848258972168	18.455631256103516	0.2835192084312439	1.262568712234497	-0.4510960280895233
-0.22796911001205444	-21.922311782836914	-0.11798405647277832	18.380252838134766	0.3988756537437439	1.312007188796997	-0.3906712234020233
-0.34302037954330444	-21.426401138305664	-0.19336247444152832	17.745487213134766	0.3192247748374939	1.292781114578247	-0.3906712234020233
-0.11291784048080444	-21.164560317993164	0.2668426036834717	19.130069732666016	0.4162706732749939	1.253413438796997	-0.3806004226207733
0.07751184701919556	-20.898752212524414	0.4175994396209717	19.130069732666016	0.4336656928062439	1.302851915359497	-0.3906712234020233
0.07751184701919556	-20.482187271118164	0.6080291271209717	19.094364166259766	0.3723253607749939	1.292781114578247	-0.2890476882457733
-0.34302037954330444	-19.910898208618164	0.3422210216522217	19.391910552978516	0.3366197943687439	1.272639513015747	-0.4721531569957733
-0.18829625844955444	-19.534006118774414	0.5683562755584717	19.054691314697266	0.3723253607749939	1.203974962234497	-0.4309544265270233
-0.41839879751205444	-19.002389907836914	0.5326507091522217	19.990970611572266	0.3723253607749939	1.272639513015747	-0.2991184890270233
-0.26764196157455444	-18.966684341430664	0.6477019786834717	19.990970611572266	0.3988756537437439	1.302851915359497	-0.4510960280895233
-0.37872594594955444	-18.399362564086914	0.7984588146209717	20.217105865478516	0.4510607123374939	1.223201036453247	-0.4510960280895233
-0.37872594594955444	-18.399362564086914	0.7984588146209717	20.217105865478516	0.4510607123374939	1.223201036453247	-0.4510960280895233
-0.49377721548080444	-17.486886978149414	0.8381316661834717	20.328189849853516	0.4254259467124939	1.173762559890747	-0.4510960280895233
-0.6088284850120544	-17.070322036743164	0.9888885021209717	19.431583404541016	0.1864733248949051	1.213130235671997	-0.3192600905895233
-0.6445340514183044	-16.618051528930664	1.2189910411834717	20.328189849853516	0.2661241888999939	1.243342638015747	-0.2890476882457733
-0.7199124693870544	-16.161813735961914	1.2943694591522217	20.252811431884766	0.2038683444261551	1.173762559890747	-0.3403172194957733
-0.9103421568870544	-15.213632583618164	1.3697478771209717	20.629703521728516	0.3100695013999939	1.282710313796997	-0.22862288355827332
-0.5691556334495544	-14.610605239868164	1.6752288341522217	20.629703521728516	0.2752794623374939	1.213130235671997	-0.3192600905895233
-0.8746365904808044	-14.003610610961914	1.5998504161834717	20.030643463134766	0.2304186373949051	1.163691759109497	-0.20848128199577332
-1.1007719039916992	-13.170480728149414	1.4847991466522217	20.439273834228516	0.2130236178636551	1.163691759109497	-0.13707014918327332
-0.41839879751205444	-12.753915786743164	2.0203826427459717	20.066349029541016	0.2661241888999939	1.262568712234497	-0.2789768874645233
-0.6842069029808044	-12.222299575805664	2.4369475841522217	21.038333892822266	0.3631700873374939	1.253413438796997	-0.3604588210582733
-0.7199124693870544	-11.770029067993164	1.9807097911834717	20.514652252197266	0.3366197943687439	1.292781114578247	-0.3705296218395233
-0.5334500670433044	-10.706796646118164	2.6313445568084717	19.768802642822266	0.1956285983324051	1.163691759109497	-0.3192600905895233
-0.5334500670433044	-10.897226333618164	2.6670501232147217	20.554325103759766	0.2569689154624939	1.292781114578247	-0.2588352859020233
-0.30334752798080444	-10.024423599243164	3.2780120372772217	20.403568267822266	0.3540148138999939	1.173762559890747	-0.4410252273082733
-0.34302037954330444	-9.381723403930664	3.2026336193084717	20.102054595947266	0.2835192084312439	1.203974962234497	-0.3503880202770233
-0.9103421568870544	-8.739023208618164	3.2026336193084717	20.066349029541016	0.2221788913011551	1.203974962234497	-0.2890476882457733
0.7598848938941956	-8.016977310180664	4.079403877258301	20.478946685791016	0.3457750678062439	1.352290391921997	-0.22862288355827332
-0.49377721548080444	-8.056650161743164	3.7739226818084717	19.729129791259766	0.2487291842699051	1.203974962234497	-0.4007420241832733
-0.9857205748558044	-6.656198024749756	3.7739226818084717	20.102054595947266	0.3018297553062439	1.213130235671997	-0.3705296218395233
-0.37872594594955444	-6.767282009124756	4.269833564758301	20.439273834228516	0.3366197943687439	1.332148790359497	-0.3091892898082733
0.6448336243629456	-6.199960231781006	4.991879463195801	19.280826568603516	0.3457750678062439	1.064814805984497	-0.4007420241832733
0.49407678842544556	-5.668344020843506	5.106930732727051	20.102054595947266	0.3018297553062439	1.352290391921997	-0.24876448512077332
0.34331995248794556	-4.985970973968506	5.071225166320801	19.094364166259766	0.3540148138999939	1.134394884109497	-0.3302464187145233
-0.18829625844955444	-4.799508571624756	4.801449775695801	19.990970611572266	0.2130236178636551	1.203974962234497	-0.3302464187145233
-0.34302037954330444	-3.926705837249756	4.499936103820801	18.943607330322266	0.2038683444261551	1.183833360671997	-0.4007420241832733
-0.37872594594955444	-3.811654567718506	4.611020088195801	19.693424224853516	0.2569689154624939	1.292781114578247	-0.2588352859020233
-0.6088284850120544	-2.792062282562256	4.880795478820801	19.130069732666016	0.1864733248949051	1.223201036453247	-0.2689060866832733
-0.41839879751205444	-2.486581325531006	4.765744209289551	19.356204986572266	0.2221788913011551	1.312007188796997	-0.2991184890270233
-0.34302037954330444	-2.296151638031006	5.031552314758301	19.391910552978516	0.1956285983324051	1.292781114578247	-0.3604588210582733
0.03783899545669556	-1.3876434564590454	5.146603584289551	18.943607330322266	0.2304186373949051	1.292781114578247	-0.3705296218395233
0.15289026498794556	-1.5026947259902954	5.567135810852051	19.094364166259766	0.1864733248949051	1.371516466140747	-0.23869368433952332
0.5694552063941956	-1.0107513666152954	5.682187080383301	18.868228912353516	0.3631700873374939	1.332148790359497	-0.2588352859020233
0.7995577454566956	-0.328378289937973	5.872616767883301	18.455631256103516	0.3018297553062439	1.322077989578247	-0.3302464187145233
0.41869837045669556	-0.8203216791152954	5.832943916320801	18.566715240478516	0.1864733248949051	1.312007188796997	-0.3503880202770233
0.11321741342544556	-0.8957000970840454	5.602841377258301	18.269168853759766	0.2395739108324051	1.292781114578247	-0.24876448512077332
-0.26764196157455444	-0.13794860243797302	5.106930732727051	18.118412017822266	0.1516832858324051	1.134394884109497	-0.17735335230827332
-0.5691556334495544	0.20323792099952698	5.106930732727051	17.931949615478516	0.02808709442615509	1.173762559890747	-0.2991184890270233
-0.6842069029808044	-0.17762145400047302	5.186276435852051	18.229496002197266	0.02808709442615509	1.193904161453247	-0.3302464187145233
-0.45410436391830444	0.05248108506202698	5.221982002258301	18.642093658447266	0.04548211395740509	1.262568712234497	-0.24876448512077332
0.45440393686294556	0.7308868169784546	5.717892646789551	18.304874420166016	0.1690783053636551	1.253413438796997	-0.2890476882457733
0.6448336243629456	1.1117461919784546	6.138424873352051	18.229496002197266	0.1333727389574051	1.302851915359497	-0.2890476882457733
0.41869837045669556	1.2267974615097046	5.682187080383301	17.856571197509766	0.1251329928636551	1.223201036453247	-0.3091892898082733
-0.11291784048080444	0.9609893560409546	5.186276435852051	17.967655181884766	0.10682244598865509	1.154536485671997	-0.3403172194957733
-0.5691556334495544	0.6198028326034546	4.956173896789551	18.269168853759766	-0.007618472911417484	1.173762559890747	-0.3604588210582733
-0.6088284850120544	0.6198028326034546	4.801449775695801	18.043033599853516	0.0015368005260825157	1.203974962234497	-0.3403172194957733
-0.26764196157455444	1.5283111333847046	4.991879463195801	17.781192779541016	-0.05156378448009491	1.451167345046997	-0.24876448512077332
0.49407678842544556	1.5640166997909546	5.186276435852051	17.630435943603516	0.01893182098865509	1.490535020828247	-0.2890476882457733
0.7202120423316956	1.7941192388534546	5.376706123352051	17.670108795166016	0.08027215301990509	1.628779649734497	-0.3906712234020233
0.7202120423316956	1.6036895513534546	5.297360420227051	17.368595123291016	-0.02501349151134491	1.569270372390747	-0.3403172194957733
0.6845064759254456	1.4886382818222046	4.956173896789551	17.293216705322266	0.1782335788011551	1.529902696609497	-0.3192600905895233
0.6845064759254456	1.4886382818222046	4.956173896789551	17.293216705322266	0.1782335788011551	1.529902696609497	-0.3192600905895233
0.26794153451919556	1.3378814458847046	4.765744209289551	17.443973541259766	0.5133165717124939	1.589411973953247	-0.2689060866832733
0.11321741342544556	0.8459380865097046	4.460263252258301	17.519351959228516	0.6369127631187439	1.490535020828247	-0.3604588210582733
-0.03753942251205444	0.7308868169784546	4.345211982727051	17.519351959228516	0.5838121771812439	1.480464220046997	-0.3302464187145233
-0.18829625844955444	0.469046026468277	4.230160713195801	17.483646392822266	0.7165636420249939	1.510676622390747	-0.3091892898082733
0.0021334290504455566	0.5801299810409546	4.194455146789551	17.443973541259766	0.7513536810874939	1.441096544265747	-0.3302464187145233
-0.03753942251205444	0.469046026468277	4.305539131164551	17.408267974853516	0.9454454779624939	1.451167345046997	-0.3705296218395233
0.18859583139419556	-0.6695648431777954	4.269833564758301	17.931949615478516	0.9811510443687439	1.510676622390747	-0.3302464187145233
0.30364710092544556	-1.1615082025527954	4.345211982727051	18.118412017822266	0.9903063178062439	1.500605821609497	-0.3806004226207733
0.8352633118629456	-0.6695648431777954	4.535641670227051	17.670108795166016	0.9454454779624939	1.490535020828247	-0.3705296218395233
0.6448336243629456	-1.1615082025527954	4.420590400695801	17.745487213134766	0.9546007513999939	1.470393419265747	-0.4208836257457733
-0.18829625844955444	-1.6931244134902954	3.7342498302459717	18.566715240478516	0.8401598334312439	1.451167345046997	-0.4208836257457733
-0.45410436391830444	-1.7685028314590454	3.6985442638397217	18.419925689697266	0.8044542670249939	1.529902696609497	-0.5225071907043457
-0.03753942251205444	-2.867440700531006	3.9643523693084717	18.757144927978516	0.8483995795249939	1.579341173171997	-0.4108128249645233
0.8749361634254456	-2.867440700531006	4.535641670227051	18.304874420166016	0.8401598334312439	1.362361192703247	0.024978186935186386
-0.03753942251205444	-3.549813747406006	3.8889739513397217	18.531009674072266	0.8044542670249939	1.539973497390747	0.15681412816047668
-0.37872594594955444	-3.585519313812256	3.8135955333709717	18.642093658447266	0.8667101263999939	1.550044298171997	0.21723893284797668
0.6448336243629456	-5.061349391937256	4.079403877258301	18.868228912353516	0.8218492865562439	1.420954942703247	0.24836686253547668
-0.37872594594955444	-4.724130153656006	3.5834929943084717	18.717472076416016	0.9188951849937439	1.352290391921997	0.23829606175422668
0.11321741342544556	-5.402535915374756	3.9643523693084717	18.979312896728516	0.9372057318687439	1.411799669265747	0.20716813206672668
-0.15259069204330444	-6.731576442718506	3.5834929943084717	19.130069732666016	0.9106554388999939	1.431025743484497	0.22730973362922668
0.5337496399879456	-6.350717067718506	4.079403877258301	19.205448150634766	0.9372057318687439	1.332148790359497	0.19709733128547668
0.11321741342544556	-7.223519802093506	3.9246795177459717	18.979312896728516	0.9454454779624939	1.539973497390747	0.3188624680042267
0.26794153451919556	-8.584299087524414	3.7342498302459717	19.054691314697266	1.0955920219421387	1.322077989578247	0.13667252659797668
0.07751184701919556	-8.850107192993164	3.6588714122772217	19.467288970947266	0.9903063178062439	1.431025743484497	0.08540299534797668
0.37902551889419556	-9.647531509399414	3.7739226818084717	19.054691314697266	1.0424914360046387	1.362361192703247	0.21723893284797668
0.11321741342544556	-9.949045181274414	3.6191985607147217	19.356204986572266	1.1404528617858887	1.352290391921997	0.22730973362922668
0.26794153451919556	-11.012277603149414	3.5438201427459717	18.868228912353516	1.0250964164733887	1.480464220046997	0.2987208664417267
-0.07721227407455444	-11.730356216430664	3.2383391857147217	18.903934478759766	1.0873522758483887	1.272639513015747	0.13667252659797668
0.11321741342544556	-12.412729263305664	3.1232879161834717	18.979312896728516	0.9903063178062439	1.253413438796997	0.24836686253547668
0.45440393686294556	-13.396615982055664	3.4684417247772217	19.241153717041016	1.0250964164733887	1.569270372390747	0.17695572972297668
0.37902551889419556	-14.380502700805664	3.1629607677459717	19.018985748291016	1.0250964164733887	1.420954942703247	0.13667252659797668
-0.30334752798080444	-15.062875747680664	2.3258635997772217	19.094364166259766	0.9811510443687439	1.411799669265747	0.3902736008167267
0.0021334290504455566	-16.050729751586914	2.1711394786834717	18.792850494384766	0.9454454779624939	1.352290391921997	0.24836686253547668
0.18859583139419556	-16.804513931274414	2.6313445568084717	19.018985748291016	0.9903063178062439	1.510676622390747	0.22730973362922668
0.11321741342544556	-17.601938247680664	2.0560882091522217	18.419925689697266	0.8483995795249939	1.391658067703247	0.4104152023792267
-0.18829625844955444	-17.943124771118164	1.6752288341522217	18.681766510009766	1.0077013969421387	1.539973497390747	0.3490748703479767
0.11321741342544556	-18.625497817993164	1.8656585216522217	18.118412017822266	0.8044542670249939	1.500605821609497	0.22730973362922668
-0.07721227407455444	-19.534006118774414	1.1436126232147217	18.832523345947266	0.8044542670249939	1.470393419265747	0.23829606175422668
-0.45410436391830444	-19.609384536743164	0.7984588146209717	17.820865631103516	0.8483995795249939	1.529902696609497	0.3902736008167267
0.18859583139419556	-20.593271255493164	1.3340423107147217	18.269168853759766	0.7779039740562439	1.490535020828247	0.15681412816047668
-0.30334752798080444	-20.557565689086914	0.7984588146209717	17.332889556884766	0.7779039740562439	1.411799669265747	0.2785792648792267
-0.45410436391830444	-21.275644302368164	0.15179133415222168	17.559024810791016	0.8575548529624939	1.579341173171997	0.3289332687854767
-0.18829625844955444	-21.239938735961914	-0.0029327869415283203	17.031375885009766	0.8841051459312439	1.539973497390747	0.2785792648792267
0.15289026498794556	-21.390695571899414	0.15179133415222168	16.995670318603516	0.8310045599937439	1.618708848953247	0.2785792648792267
-0.41839879751205444	-21.997690200805664	-0.4194977283477783	16.658451080322266	0.8575548529624939	1.708430528640747	0.3289332687854767
-0.18829625844955444	-22.108774185180664	-0.6892731189727783	15.797550201416016	0.6634630560874939	1.648921251296997	0.3701319992542267
0.07751184701919556	-21.767587661743164	-0.4591705799102783	16.285526275634766	0.7779039740562439	1.628779649734497	0.21723893284797668
-0.49377721548080444	-22.791147232055664	-1.0304596424102783	15.757877349853516	0.7339586615562439	1.560115098953247	0.2987208664417267
-0.22796911001205444	-22.299203872680664	-1.0701324939727783	15.535709381103516	0.6808580756187439	1.599482774734497	0.3087916672229767
0.0021334290504455566	-22.414255142211914	-1.1058380603790283	15.273868560791016	0.6900133490562439	1.618708848953247	0.3188624680042267
0.0021334290504455566	-22.414255142211914	-1.1058380603790283	15.273868560791016	0.6900133490562439	1.618708848953247	0.3188624680042267
0.11321741342544556	-22.906198501586914	-1.0304596424102783	15.384952545166016	0.6634630560874939	1.628779649734497	0.4003444015979767
-0.18829625844955444	-22.489633560180664	-1.5660431385040283	14.710514068603516	0.6982530951499939	1.658992052078247	0.3087916672229767
-0.34302037954330444	-22.565011978149414	-1.7961456775665283	14.373294830322266	0.7431139349937439	1.618708848953247	0.2685084640979767
-0.26764196157455444	-22.941904067993164	-1.8715240955352783	14.559757232666016	0.7513536810874939	1.718501329421997	0.4305568039417267
0.07751184701919556	-22.449960708618164	-1.6414215564727783	14.262210845947266	0.8136095404624939	1.708430528640747	0.3289332687854767
0.03783899545669556	-22.338876724243164	-1.7564728260040283	13.885318756103516	0.7248033881187439	1.698359727859497	0.3390040695667267
0.0021334290504455566	-22.565011978149414	-1.8318512439727783	13.885318756103516	0.8483995795249939	1.698359727859497	0.3188624680042267
-0.15259069204330444	-22.449960708618164	-2.0976593494415283	13.663150787353516	0.7696642279624939	1.698359727859497	0.4003444015979767
0.0021334290504455566	-22.073068618774414	-1.9865753650665283	13.401309967041016	0.8218492865562439	1.628779649734497	0.4406276047229767
-0.03753942251205444	-22.299203872680664	-2.0619537830352783	13.250553131103516	0.7870592474937439	1.648921251296997	0.4506984055042267
0.03783899545669556	-22.338876724243164	-2.0222809314727783	13.214847564697266	0.8136095404624939	1.658992052078247	0.4204860031604767
-0.11291784048080444	-22.259531021118164	-2.1770050525665283	13.139469146728516	0.8044542670249939	1.618708848953247	0.3902736008167267
-0.07721227407455444	-21.922311782836914	-2.1770050525665283	12.988712310791016	0.8310045599937439	1.638850450515747	0.3802028000354767
0.03783899545669556	-21.997690200805664	-2.0619537830352783	12.988712310791016	0.8483995795249939	1.648921251296997	0.4809108078479767
0.34331995248794556	-21.692209243774414	-1.8715240955352783	12.762577056884766	0.8310045599937439	1.638850450515747	0.4708400070667267
0.03783899545669556	-21.692209243774414	-1.9865753650665283	12.877628326416016	0.8667101263999939	1.648921251296997	0.3490748703479767
