0.022150516510009766
0.0554807186126709
0.08878087997436523
0.12210655212402344
0.15530180931091309
0.18880558013916016
0.22216796875
0.2553219795227051
0.2887754440307617
0.3220791816711426
0.35544252395629883
0.3887758255004883
0.4220001697540283
0.4555056095123291
0.48876452445983887
0.5221221446990967
0.5554373264312744
0.5886147022247314
0.6221058368682861
0.6554007530212402
0.6887283325195312
0.722184419631958
0.7554693222045898
0.7887816429138184
0.8220915794372559
0.8552975654602051
0.8887648582458496
0.9220952987670898
0.9554064273834229
0.9887642860412598
1.022085428237915
1.0554358959197998
1.0887751579284668
1.1221139430999756
1.1554458141326904
1.188760757446289
1.222104549407959
1.2555522918701172
1.2887847423553467
1.3221027851104736
1.355424404144287
1.3887743949890137
1.422095537185669
1.455428123474121
1.4887564182281494
1.5221211910247803
1.5554263591766357
1.5887451171875
1.6219627857208252
1.6554560661315918
1.6887462139129639
1.72210693359375
1.755422592163086
1.7888712882995605
1.822124719619751
1.855414867401123
1.8887569904327393
1.9220192432403564
1.9554219245910645
1.9888038635253906
2.022109031677246
2.0553457736968994
2.088653326034546
2.1219980716705322
2.1554388999938965
2.1887409687042236
2.2220916748046875
2.2554287910461426
2.288789987564087
2.322199583053589
2.355417013168335
2.3887686729431152
2.4221208095550537
2.455427885055542
2.4887754917144775
2.522108793258667
2.5554850101470947
2.5888099670410156
2.6220920085906982
2.6554067134857178
2.6887593269348145
2.722092628479004
2.7553317546844482
2.788754940032959
2.822192430496216
2.855483055114746
2.888702392578125
2.9221274852752686
2.955379009246826
2.9887654781341553
3.0221846103668213
3.0554378032684326
3.0887210369110107
3.1220407485961914
3.1554293632507324
3.1887354850769043
3.22208833694458
3.255422830581665
3.288759469985962
3.322061061859131
3.35553240776062
3.3887596130371094
3.4221031665802
3.4554808139801025
3.488727331161499
3.522122621536255
3.555424928665161
3.5887532234191895
3.6220169067382812
3.6554346084594727
3.6887733936309814
3.7220981121063232
3.7554032802581787
3.7887587547302246
3.822094678878784
3.855466842651367
3.888820171356201
3.9220833778381348
3.955435037612915
3.9887945652008057
4.022003650665283
4.055427312850952
4.088738918304443
4.12211799621582
4.155435085296631
4.188729524612427
4.222120761871338
4.255318880081177
4.288761138916016
4.322091579437256
4.3553948402404785
4.388864755630493
4.42214298248291
4.455430746078491
4.488796710968018
4.52208399772644
4.555423736572266
4.58873987197876
4.62207293510437
4.655425071716309
4.688753843307495
4.722083330154419
4.755432367324829
4.788678884506226
4.822065830230713
4.855397939682007
4.888611316680908
4.922192573547363
4.95544958114624
4.988768815994263
5.022109031677246
5.05545449256897
5.088750600814819
5.122129917144775
5.15542197227478
5.188739061355591
5.222090482711792
5.25545597076416
5.288747310638428
5.322087287902832
5.355421781539917
5.388596296310425
5.422094821929932
5.455506801605225
5.48874831199646
5.521996974945068
