-0.11291784048080444	21.567068099975586	-22.576786041259766	4.597904682159424	0.9985460638999939	0.36260539293289185	0.3701319992542267
-0.11291784048080444	21.527395248413086	-22.652164459228516	4.597904682159424	0.9903063178062439	0.37267619371414185	0.3490748703479767
-0.11291784048080444	21.452016830444336	-22.731510162353516	4.748661518096924	0.9903063178062439	0.32323771715164185	0.4104152023792267
-0.11291784048080444	21.642446517944336	-23.072696685791016	4.748661518096924	0.9903063178062439	0.27379924058914185	0.3802028000354767
0.03783899545669556	21.606740951538086	-22.882266998291016	4.712955951690674	0.9985460638999939	0.26372843980789185	0.14674332737922668
0.11321741342544556	21.717824935913086	-22.957645416259766	4.824039936065674	0.9985460638999939	0.28387004137039185	0.024978186935186386
-0.03753942251205444	21.642446517944336	-23.338504791259766	4.788334369659424	1.0250964164733887	0.30309611558914185	-0.11692854762077332
-0.11291784048080444	21.606740951538086	-23.227420806884766	4.788334369659424	1.0250964164733887	0.31316691637039185	-0.06657454371452332
-0.07721227407455444	21.606740951538086	-23.227420806884766	4.824039936065674	1.0516467094421387	0.27379924058914185	-0.18833968043327332
0.11321741342544556	21.606740951538086	-23.378177642822266	4.974796772003174	1.0690417289733887	0.31316691637039185	-0.17735335230827332
0.11321741342544556	21.606740951538086	-23.263126373291016	5.010502338409424	1.0781970024108887	0.30309611558914185	-0.22862288355827332
0.18859583139419556	21.606740951538086	-23.338504791259766	4.899418354034424	1.0608019828796387	0.34246379137039185	-0.2588352859020233
0.11321741342544556	21.606740951538086	-23.417850494384766	5.010502338409424	1.0608019828796387	0.40197306871414185	-0.2789768874645233
-0.03753942251205444	21.682119369506836	-23.723331451416016	5.050175189971924	1.0781970024108887	0.42211467027664185	-0.23869368433952332
0.07751184701919556	21.682119369506836	-23.568607330322266	5.050175189971924	1.0955920219421387	0.44225627183914185	-0.3403172194957733
0.30364710092544556	21.682119369506836	-23.453556060791016	5.312016010284424	1.1312975883483887	0.47155314683914185	-0.2991184890270233
0.45440393686294556	21.757497787475586	-23.532901763916016	5.312016010284424	1.1139025688171387	0.5109208226203918	-0.4108128249645233
0.30364710092544556	21.793203353881836	-23.834415435791016	5.423099994659424	1.1139025688171387	0.5209916234016418	-0.3091892898082733
0.0021334290504455566	21.908254623413086	-24.254947662353516	5.272343158721924	1.1312975883483887	0.5109208226203918	-0.3604588210582733
0.22826868295669556	21.717824935913086	-23.608280181884766	5.347721576690674	1.1486926078796387	0.5008500218391418	-0.2588352859020233
0.6448336243629456	21.527395248413086	-23.417850494384766	5.724613666534424	1.1312975883483887	0.5109208226203918	-0.3906712234020233
0.18859583139419556	22.023305892944336	-24.560428619384766	5.649235248565674	1.1486926078796387	0.5704300999641418	-0.3192600905895233
0.37902551889419556	21.908254623413086	-24.104190826416016	5.684940814971924	1.1578478813171387	0.6198685765266418	-0.3192600905895233
0.30364710092544556	21.452016830444336	-23.568607330322266	5.835697650909424	1.1486926078796387	0.5603592991828918	-0.2890476882457733
0.30364710092544556	21.908254623413086	-24.635807037353516	5.649235248565674	1.1221423149108887	0.6693070530891418	-0.3302464187145233
0.45440393686294556	21.416311264038086	-23.759037017822266	6.097538471221924	1.1486926078796387	0.6491654515266418	-0.3091892898082733
0.45440393686294556	21.416311264038086	-23.759037017822266	6.097538471221924	1.1486926078796387	0.6491654515266418	-0.3091892898082733
0.37902551889419556	21.793203353881836	-24.711185455322266	6.359379291534424	1.1486926078796387	0.7288163304328918	-0.2991184890270233
0.49407678842544556	21.452016830444336	-24.179569244384766	6.284000873565674	1.1578478813171387	0.6400101780891418	-0.2789768874645233
-0.03753942251205444	21.793203353881836	-24.750858306884766	6.470463275909424	1.1752429008483887	0.6986039280891418	-0.3906712234020233
0.26794153451919556	21.190176010131836	-24.294620513916016	6.771976947784424	1.1752429008483887	0.6400101780891418	-0.3302464187145233
0.6091280579566956	21.606740951538086	-24.219242095947266	6.621220111846924	1.1578478813171387	0.6693070530891418	-0.3192600905895233
-0.07721227407455444	21.190176010131836	-25.286441802978516	6.807682514190674	1.1404528617858887	0.7782548069953918	-0.3302464187145233
0.6448336243629456	21.035451889038086	-24.104190826416016	7.482120990753174	1.1404528617858887	0.7388871312141418	-0.22862288355827332
0.7202120423316956	21.416311264038086	-24.409671783447266	7.220280170440674	1.1752429008483887	0.7489579319953918	-0.2588352859020233
0.11321741342544556	20.924367904663086	-25.361820220947266	7.819340229034424	1.1221423149108887	0.8569901585578918	-0.3403172194957733
0.22826868295669556	20.733938217163086	-24.711185455322266	7.557499408721924	1.1486926078796387	0.8569901585578918	-0.2991184890270233
0.45440393686294556	20.999746322631836	-24.179569244384766	7.446415424346924	1.1047472953796387	0.7782548069953918	-0.3091892898082733
0.41869837045669556	20.884695053100586	-24.409671783447266	8.307315826416016	1.0690417289733887	0.8176224827766418	-0.3604588210582733
0.37902551889419556	20.468130111694336	-24.711185455322266	8.120853424072266	1.0077013969421387	0.7983964085578918	-0.21855208277702332
-0.26764196157455444	20.392751693725586	-25.361820220947266	8.533451080322266	0.9280504584312439	1.064814805984497	-0.3302464187145233
-0.15259069204330444	20.277700424194336	-24.905582427978516	8.307315826416016	0.7696642279624939	0.8872025609016418	-0.24876448512077332
0.07751184701919556	20.392751693725586	-24.600101470947266	8.830997467041016	0.6012071967124939	1.015376329421997	-0.24876448512077332
0.8352633118629456	20.051565170288086	-23.798709869384766	9.017459869384766	0.3723253607749939	0.8176224827766418	-0.24876448512077332
0.6091280579566956	19.976186752319336	-23.608280181884766	9.203922271728516	0.3100695013999939	0.9760087132453918	-0.2689060866832733
0.41869837045669556	19.674673080444336	-23.302799224853516	8.906375885009766	0.2661241888999939	0.9659379124641418	-0.20848128199577332
0.22826868295669556	19.444570541381836	-23.532901763916016	9.656192779541016	0.2835192084312439	0.9860795140266418	-0.2789768874645233
0.5337496399879456	19.408864974975586	-23.112369537353516	9.394351959228516	0.2130236178636551	0.9164994359016418	-0.2689060866832733
0.45440393686294556	19.103384017944336	-22.921939849853516	9.993412017822266	0.2661241888999939	0.9064286351203918	-0.3503880202770233
0.41869837045669556	19.369192123413086	-22.461734771728516	9.656192779541016	0.2304186373949051	0.9064286351203918	-0.3192600905895233
0.41869837045669556	19.143056869506836	-22.691837310791016	10.290958404541016	0.2926744818687439	0.9659379124641418	-0.3705296218395233
0.34331995248794556	18.877248764038086	-22.310977935791016	10.290958404541016	0.1956285983324051	1.015376329421997	-0.3091892898082733
0.5337496399879456	18.611440658569336	-21.739688873291016	10.290958404541016	0.2304186373949051	0.8972733616828918	-0.2588352859020233
0.15289026498794556	18.309926986694336	-21.549259185791016	10.890018463134766	0.2395739108324051	1.045588731765747	-0.2890476882457733
0.30364710092544556	17.929067611694336	-21.168399810791016	10.703556060791016	0.1864733248949051	0.9860795140266418	-0.3403172194957733
0.5337496399879456	17.968740463256836	-20.823246002197266	11.116153717041016	0.1333727389574051	1.064814805984497	-0.24876448512077332
-0.11291784048080444	17.853689193725586	-20.632816314697266	10.965396881103516	0.1333727389574051	1.055659532546997	-0.2689060866832733
0.37902551889419556	17.286367416381836	-20.136905670166016	11.413700103759766	0.11597771942615509	1.095027208328247	-0.2689060866832733
0.41869837045669556	16.869802474975586	-19.795719146728516	11.941349029541016	0.1516832858324051	0.9659379124641418	-0.3604588210582733
0.45440393686294556	16.794424057006836	-19.335514068603516	11.453372955322266	0.11597771942615509	1.035517930984497	-0.3302464187145233
-0.18829625844955444	16.794424057006836	-19.375186920166016	11.639835357666016	0.06287713348865509	1.114253282546997	-0.3192600905895233
0.37902551889419556	16.227102279663086	-18.954654693603516	12.088138580322266	0.1425280123949051	0.9860795140266418	-0.3604588210582733
0.6845064759254456	15.354299545288086	-18.307987213134766	12.314273834228516	0.1956285983324051	1.154536485671997	-0.3302464187145233
0.11321741342544556	15.735158920288086	-17.812076568603516	12.278568267822266	0.1782335788011551	1.114253282546997	-0.2991184890270233
0.03783899545669556	15.239248275756836	-17.847782135009766	12.576114654541016	0.1251329928636551	1.114253282546997	-0.3091892898082733
0.30364710092544556	14.636220932006836	-17.316165924072266	12.949039459228516	0.1516832858324051	1.134394884109497	-0.3503880202770233
-0.37872594594955444	14.786977767944336	-17.010684967041016	12.651493072509766	0.1956285983324051	1.203974962234497	-0.3302464187145233
-0.34302037954330444	14.064931869506836	-16.780582427978516	13.214847564697266	0.2569689154624939	1.223201036453247	-0.3705296218395233
-0.49377721548080444	13.422231674194336	-16.439395904541016	13.325931549072266	0.2835192084312439	1.144465684890747	-0.3091892898082733
-0.7992581725120544	13.081045150756836	-16.018863677978516	13.286258697509766	0.2395739108324051	1.183833360671997	-0.3091892898082733
-0.7199124693870544	12.589101791381836	-15.14209270477295	13.361637115478516	0.2661241888999939	1.124324083328247	-0.2991184890270233
-0.49377721548080444	12.438344955444336	-14.49145793914795	13.774234771728516	0.4510607123374939	1.144465684890747	-0.21855208277702332
-0.45410436391830444	11.490163803100586	-13.6940336227417	13.663150787353516	0.4071153998374939	1.055659532546997	-0.2689060866832733
0.0021334290504455566	11.073598861694336	-12.96802043914795	13.924991607666016	0.4336656928062439	0.9961503148078918	-0.2991184890270233
0.0021334290504455566	11.073598861694336	-12.96802043914795	13.924991607666016	0.4336656928062439	0.9961503148078918	-0.2991184890270233
-0.15259069204330444	11.148977279663086	-12.4721097946167	13.476688385009766	0.5307115912437439	0.9558671116828918	-0.3091892898082733
0.0021334290504455566	9.938955307006836	-12.20630168914795	14.262210845947266	0.5133165717124939	1.084956407546997	-0.20848128199577332
-0.5691556334495544	9.784231185913086	-12.2420072555542	14.111454010009766	0.5041612982749939	1.134394884109497	-0.3906712234020233
-0.6088284850120544	8.951101303100586	-11.7103910446167	14.635135650634766	0.5490221381187439	1.025447130203247	-0.3906712234020233
-0.49377721548080444	9.181203842163086	-10.94470500946045	14.262210845947266	0.5929674506187439	0.9961503148078918	-0.3906712234020233
-0.07721227407455444	8.498830795288086	-10.2980375289917	14.750186920166016	0.6982530951499939	0.9860795140266418	-0.3806004226207733
0.0021334290504455566	8.006887435913086	-9.42126750946045	14.599430084228516	0.7074083685874939	0.9467118382453918	-0.4410252273082733
0.18859583139419556	6.943655490875244	-9.1554594039917	15.012027740478516	0.7696642279624939	0.9265702366828918	-0.3503880202770233
-0.41839879751205444	6.416006565093994	-8.8856840133667	14.896976470947266	0.6726183295249939	0.9558671116828918	-0.3906712234020233
-0.45410436391830444	5.658255100250244	-8.5444974899292	15.309574127197266	0.7248033881187439	0.9659379124641418	-0.3604588210582733
-0.37872594594955444	5.844717502593994	-7.893862724304199	15.158817291259766	0.7962145209312439	0.8377640843391418	-0.4309544265270233
0.0021334290504455566	4.595022678375244	-7.286868095397949	15.611087799072266	0.9106554388999939	0.8569901585578918	-0.4108128249645233
-0.07721227407455444	4.142752170562744	-7.017092704772949	15.384952545166016	0.8667101263999939	0.7681840062141418	-0.4007420241832733
-0.6088284850120544	3.460379123687744	-6.790957450866699	15.984012603759766	0.9372057318687439	0.8670609593391418	-0.3705296218395233
-0.11291784048080444	2.551870822906494	-6.025271415710449	15.833255767822266	0.9015001654624939	0.8276932835578918	-0.3705296218395233
0.0021334290504455566	2.587576389312744	-5.453982353210449	15.984012603759766	1.0690417289733887	0.7883256077766418	-0.3806004226207733
-0.34302037954330444	1.5283111333847046	-5.378603935241699	16.285526275634766	0.9454454779624939	0.7288163304328918	-0.2991184890270233
-0.5334500670433044	1.2267974615097046	-4.767642021179199	16.245853424072266	0.9637560248374939	0.6592362523078918	-0.3906712234020233
0.26794153451919556	0.12785950303077698	-4.386782646179199	16.583072662353516	1.1221423149108887	0.6491654515266418	-0.3806004226207733
-0.41839879751205444	-0.7449432611465454	-4.236025810241699	16.622745513916016	0.9637560248374939	0.6198685765266418	-0.3403172194957733
-0.37872594594955444	-0.7449432611465454	-3.7004425525665283	16.769535064697266	1.0781970024108887	0.6793778538703918	-0.3302464187145233
0.15289026498794556	-2.034310817718506	-3.1688263416290283	16.920291900634766	1.1404528617858887	0.5704300999641418	-0.3705296218395233
-0.41839879751205444	-2.450875759124756	-3.2045319080352783	17.106754302978516	1.1404528617858887	0.5209916234016418	-0.3192600905895233
-0.15259069204330444	-3.168954372406006	-2.6729156970977783	17.332889556884766	1.1486926078796387	0.49169474840164185	-0.3806004226207733
0.03783899545669556	-4.343270778656006	-2.4428131580352783	17.368595123291016	1.1578478813171387	0.39190226793289185	-0.3403172194957733
-0.26764196157455444	-4.533700466156006	-1.9865753650665283	17.408267974853516	1.0955920219421387	0.42211467027664185	-0.4108128249645233
0.18859583139419556	-5.442208766937256	-1.8318512439727783	17.594730377197266	1.1843981742858887	0.45141154527664185	-0.3604588210582733
-0.30334752798080444	-6.124581813812256	-1.7564728260040283	17.368595123291016	1.1752429008483887	0.6198685765266418	-0.4108128249645233
0.11321741342544556	-6.731576442718506	-1.2208893299102783	17.559024810791016	1.2457385063171387	0.6894486546516418	-0.3091892898082733
-0.18829625844955444	-7.148141384124756	-1.0304596424102783	17.594730377197266	1.2722887992858887	0.6693070530891418	-0.3302464187145233
0.22826868295669556	-8.207406997680664	-0.7249786853790283	17.705814361572266	1.2548937797546387	0.6491654515266418	-0.4108128249645233
-0.11291784048080444	-9.040536880493164	-0.6892731189727783	17.781192779541016	1.2191882133483887	0.6097977757453918	-0.3906712234020233
0.11321741342544556	-9.532480239868164	-0.4988434314727783	17.967655181884766	1.2640490531921387	0.5905717015266418	-0.4410252273082733
-0.07721227407455444	-10.480661392211914	-0.11798405647277832	17.705814361572266	1.2374987602233887	0.48162394762039185	-0.2789768874645233
0.0021334290504455566	-11.504220962524414	-0.2687408924102783	18.229496002197266	1.2988390922546387	0.46148234605789185	-0.3302464187145233
-0.07721227407455444	-11.690683364868164	-0.11798405647277832	18.193790435791016	1.2548937797546387	0.49169474840164185	-0.3403172194957733
0.03783899545669556	-12.373056411743164	0.03674006462097168	18.269168853759766	1.2283434867858887	0.36260539293289185	-0.4208836257457733
-0.03753942251205444	-13.396615982055664	-0.07831120491027832	18.419925689697266	1.2283434867858887	0.38274699449539185	-0.3705296218395233
0.26794153451919556	-14.229745864868164	0.6477019786834717	18.419925689697266	1.2374987602233887	0.40197306871414185	-0.2890476882457733
0.0021334290504455566	-14.761362075805664	0.15179133415222168	18.606388092041016	1.1926379203796387	0.32323771715164185	-0.2689060866832733
-0.18829625844955444	-15.519113540649414	0.07641291618347168	18.531009674072266	1.1843981742858887	0.34246379137039185	-0.2991184890270233
0.22826868295669556	-16.387948989868164	0.6477019786834717	18.455631256103516	1.1926379203796387	0.24358683824539185	-0.3302464187145233
0.26794153451919556	-16.959238052368164	0.6834075450897217	18.757144927978516	1.2109484672546387	0.19414836168289185	-0.3403172194957733
-0.03753942251205444	-17.677316665649414	0.3779265880584717	19.205448150634766	1.2374987602233887	0.14470988512039185	-0.2991184890270233
-0.15259069204330444	-18.474740982055664	0.2668426036834717	18.832523345947266	1.2722887992858887	0.21428996324539185	-0.2689060866832733
0.26794153451919556	-19.192819595336914	0.6834075450897217	18.868228912353516	1.2896838188171387	0.11541301012039185	-0.3906712234020233
0.41869837045669556	-19.534006118774414	0.9531829357147217	19.018985748291016	1.3610949516296387	0.14470988512039185	-0.3302464187145233
0.41869837045669556	-19.534006118774414	0.9531829357147217	19.018985748291016	1.3610949516296387	0.14470988512039185	-0.3302464187145233
0.11321741342544556	-20.823373794555664	0.4175994396209717	18.868228912353516	1.3876452445983887	0.09527140855789185	-0.2689060866832733
0.0021334290504455566	-21.275644302368164	0.3779265880584717	18.681766510009766	1.4224352836608887	0.045832931995391846	-0.3192600905895233
0.07751184701919556	-21.581125259399414	0.3779265880584717	18.868228912353516	1.4663805961608887	-0.07227009534835815	-0.4108128249645233
0.07751184701919556	-23.017282485961914	0.3422210216522217	19.165775299072266	1.4224352836608887	0.12548381090164185	-0.2890476882457733
0.11321741342544556	-23.663949966430664	0.4175994396209717	18.832523345947266	1.4050402641296387	0.026606855913996696	-0.2789768874645233
0.18859583139419556	-24.687509536743164	0.3025481700897217	19.241153717041016	1.4315905570983887	-0.042973220348358154	-0.4007420241832733
0.0021334290504455566	-25.179452896118164	-0.15368962287902832	18.757144927978516	1.3693346977233887	-0.21143025159835815	-0.3302464187145233
0.07751184701919556	-25.405588150024414	-0.0029327869415283203	18.757144927978516	1.3693346977233887	-0.10248249769210815	-0.3806004226207733
0.22826868295669556	-26.806039810180664	0.3025481700897217	18.566715240478516	1.3345446586608887	-0.0036055464297533035	-0.2689060866832733
0.15289026498794556	-27.262277603149414	0.18749690055847168	18.681766510009766	1.2722887992858887	-0.11255329847335815	-0.2890476882457733
-0.11291784048080444	-27.528085708618164	0.03674006462097168	19.018985748291016	1.3345446586608887	0.055903732776641846	-0.2991184890270233
0.03783899545669556	-27.754220962524414	0.03674006462097168	18.043033599853516	1.2017931938171387	-0.23065632581710815	-0.24876448512077332
0.22826868295669556	-28.662729263305664	0.18749690055847168	18.566715240478516	1.2191882133483887	-0.14185017347335815	-0.2689060866832733
0.15289026498794556	-29.118967056274414	0.11211848258972168	18.082706451416016	1.1843981742858887	-0.14185017347335815	-0.3403172194957733
-0.03753942251205444	-28.853158950805664	-0.07831120491027832	18.118412017822266	1.1578478813171387	-0.12170857191085815	-0.2991184890270233
-0.07721227407455444	-29.987802505493164	-0.19336247444152832	17.931949615478516	1.1221423149108887	-0.08234089612960815	-0.4108128249645233
-0.03753942251205444	-29.876718521118164	-0.07831120491027832	17.559024810791016	1.0955920219421387	-0.20135945081710815	-0.3091892898082733
0.0021334290504455566	-29.987802505493164	-0.22906804084777832	17.594730377197266	1.0690417289733887	-0.07227009534835815	-0.2890476882457733
0.11321741342544556	-30.634469985961914	-0.11798405647277832	17.106754302978516	1.0077013969421387	-0.14185017347335815	-0.3503880202770233
-0.03753942251205444	-30.253610610961914	-0.2687408924102783	17.293216705322266	1.0608019828796387	-0.022831620648503304	-0.3503880202770233
0.03783899545669556	-30.745553970336914	-0.2687408924102783	17.257511138916016	1.0342516899108887	-0.19128865003585815	-0.3604588210582733
0.11321741342544556	-30.745553970336914	-0.19336247444152832	16.547367095947266	0.9637560248374939	-0.053044021129608154	-0.3906712234020233
-0.11291784048080444	-30.709848403930664	-0.4591705799102783	16.507694244384766	0.9106554388999939	-0.08234089612960815	-0.4108128249645233
-0.07721227407455444	-31.312875747680664	-0.3837921619415283	16.507694244384766	0.9637560248374939	-0.09241169691085815	-0.4208836257457733
-0.11291784048080444	-30.785226821899414	-0.4194977283477783	16.622745513916016	0.9811510443687439	0.026606855913996696	-0.3192600905895233
0.0021334290504455566	-31.618356704711914	-0.3441193103790283	15.872928619384766	0.9106554388999939	-0.022831620648503304	-0.3705296218395233
-0.03753942251205444	-31.201791763305664	-0.3837921619415283	16.023685455322266	0.9188951849937439	-0.022831620648503304	-0.3302464187145233
-0.18829625844955444	-30.820932388305664	-0.4194977283477783	15.535709381103516	0.8841051459312439	0.016536055132746696	-0.3705296218395233
-0.03753942251205444	-31.578683853149414	-0.4591705799102783	15.460330963134766	0.8841051459312439	-0.0036055464297533035	-0.3503880202770233
-0.03753942251205444	-31.542978286743164	-0.3441193103790283	15.611087799072266	0.9015001654624939	0.055903732776641846	-0.4510960280895233
-0.22796911001205444	-31.011362075805664	-0.4591705799102783	15.309574127197266	0.8841051459312439	0.016536055132746696	-0.3806004226207733
-0.22796911001205444	-30.709848403930664	-0.4194977283477783	15.123111724853516	0.8841051459312439	-0.053044021129608154	-0.4208836257457733
-0.07721227407455444	-30.935983657836914	-0.3441193103790283	14.936649322509766	0.8401598334312439	-0.042973220348358154	-0.3705296218395233
0.0021334290504455566	-31.237497329711914	-0.3441193103790283	14.936649322509766	0.8667101263999939	0.055903732776641846	-0.3906712234020233
-0.03753942251205444	-31.126413345336914	-0.3441193103790283	14.936649322509766	0.8401598334312439	0.035762131214141846	-0.3604588210582733
0.0021334290504455566	-30.670175552368164	-0.3837921619415283	14.750186920166016	0.8483995795249939	0.055903732776641846	-0.4108128249645233
-0.03753942251205444	-30.634469985961914	-0.3084137439727783	14.524051666259766	0.8483995795249939	0.06597453355789185	-0.4208836257457733
-0.11291784048080444	-30.820932388305664	-0.4194977283477783	14.559757232666016	0.8575548529624939	0.08520060777664185	-0.4208836257457733
-0.11291784048080444	-30.594797134399414	-0.3837921619415283	14.412967681884766	0.8310045599937439	0.09527140855789185	-0.5023655891418457
-0.07721227407455444	-30.102853775024414	-0.3084137439727783	14.151126861572266	0.8136095404624939	0.08520060777664185	-0.5023655891418457
0.03783899545669556	-30.368661880493164	-0.19336247444152832	14.373294830322266	0.8218492865562439	0.09527140855789185	-0.4410252273082733
-0.03753942251205444	-30.594797134399414	-0.3084137439727783	14.297916412353516	0.7962145209312439	0.06597453355789185	-0.4309544265270233
0.0021334290504455566	-30.102853775024414	-0.3441193103790283	14.262210845947266	0.7962145209312439	0.045832931995391846	-0.5023655891418457
