0.025397777557373047
0.05869412422180176
0.0919959545135498
0.12529993057250977
0.15861749649047852
0.19197940826416016
0.225311279296875
0.2586524486541748
0.2920544147491455
0.32531237602233887
0.3586578369140625
0.3919947147369385
0.4254012107849121
0.45869970321655273
0.49199843406677246
0.5252904891967773
0.5586516857147217
0.5919599533081055
0.625401496887207
0.6585984230041504
0.6918694972991943
0.725292444229126
0.7586822509765625
0.7919731140136719
0.8253154754638672
0.8586466312408447
0.8919565677642822
0.9251961708068848
0.9585857391357422
0.9919686317443848
1.0252952575683594
1.0586473941802979
1.0919528007507324
1.125316858291626
1.1586287021636963
1.1919915676116943
1.2252388000488281
1.2586591243743896
1.2919888496398926
1.3253004550933838
1.3586444854736328
1.3919587135314941
1.4253087043762207
1.4586520195007324
1.4920716285705566
1.525268793106079
1.5586442947387695
1.5919537544250488
1.6253039836883545
1.6586461067199707
1.691965103149414
1.725355863571167
1.758648157119751
1.7919621467590332
1.825317621231079
1.8586184978485107
1.8919763565063477
1.9253630638122559
1.9586458206176758
1.991943120956421
2.0254123210906982
2.058655261993408
2.09198260307312
2.125310182571411
2.158628463745117
2.19199538230896
2.225311517715454
2.258617639541626
2.2919864654541016
2.3252174854278564
2.3586387634277344
2.3919665813446045
2.425318479537964
2.458683729171753
2.4919469356536865
2.525329113006592
2.5586957931518555
2.591984272003174
2.625309705734253
2.6586527824401855
2.691981315612793
2.72531795501709
2.7586658000946045
2.791961431503296
2.8253116607666016
2.8586084842681885
2.8919854164123535
2.9253180027008057
2.9586353302001953
2.991974115371704
3.025341272354126
3.058750867843628
3.091996669769287
3.1253254413604736
3.1586506366729736
3.191969394683838
3.2253103256225586
3.2586212158203125
3.291872024536133
3.325305938720703
3.3586435317993164
3.3918275833129883
3.425311803817749
3.4586477279663086
3.491959571838379
3.525329113006592
3.558795213699341
3.5922253131866455
3.6253480911254883
3.6586661338806152
3.6919963359832764
3.725287675857544
3.7587087154388428
3.791973114013672
3.8253650665283203
3.8586387634277344
3.891974925994873
3.9253010749816895
3.958658456802368
3.9919614791870117
4.025309085845947
4.0585784912109375
4.092071771621704
4.1253485679626465
4.158701658248901
4.192000150680542
4.2252516746521
4.258771181106567
4.291979551315308
4.325319766998291
4.358621835708618
4.391968250274658
4.4253089427948
4.458720684051514
4.491977214813232
4.525293350219727
4.558638572692871
4.59192156791687
4.62543249130249
4.658673524856567
4.691981554031372
4.725247859954834
4.758642196655273
4.79194974899292
4.82532262802124
4.8586530685424805
4.891981840133667
4.925169229507446
4.958647966384888
4.992005109786987
5.02531623840332
5.058662176132202
5.091960906982422
5.12528657913208
5.158824682235718
5.191997528076172
5.22531533241272
5.258627414703369
5.291982173919678
5.3252880573272705
5.358564376831055
5.391913652420044
5.4253089427948
5.458670616149902
5.491815805435181
