0
0.0055
0.011
0.0165
0.022
0.0275
0.033
0.0385
0.044
0.0495
0.055
0.0605
0.066
0.0715
0.077
0.0825
0.088
0.0935
0.099
0.1045
0.11
0.1155
0.121
0.1265
0.132
0.1375
0.143
0.1485
0.154
0.1595
0.165
0.1705
0.176
0.1815
0.187
0.1925
0.198
0.2035
0.209
0.2145
0.22
0.2255
0.231
0.2365
0.242
0.2475
0.253
0.2585
0.264
0.2695
0.275
0.2805
0.286
0.2915
0.297
0.3025
0.308
0.3135
0.319
0.3245
0.33
0.3355
0.341
0.3465
0.352
0.3575
0.363
0.3685
0.374
0.3795
0.385
0.3905
0.396
0.4015
0.407
0.4125
0.418
0.4235
0.429
0.4345
0.44
0.4455
0.451
0.4565
0.462
0.4675
0.473
0.4785
0.484
0.4895
0.495
0.5005
0.506
0.5115
0.517
0.5225
0.528
0.5335
0.539
0.5445
0.55
0.5555
0.561
0.5665
0.572
0.5775
0.583
0.5885
0.594
0.5995
0.605
0.6105
0.616
0.6215
0.627
0.6325
0.638
0.6435
0.649
0.6545
0.66
0.6655
0.671
0.6765
0.682
0.6875
0.693
0.6985
0.704
0.7095
0.715
0.7205
0.726
0.7315
0.737
0.7425
0.748
0.7535
0.759
0.7645
0.77
0.7755
0.781
0.7865
0.792
0.7975
0.803
0.8085
0.814
0.8195
0.825
0.8305
0.836
0.8415
0.847
0.8525
0.858
0.8635
0.869
0.8745
0.88
0.8855
0.891
0.8965
0.902
0.9075
0.913
0.9185
0.924
0.9295
0.935
0.9405
0.946
0.9515
0.957
0.9625
0.968
0.9735
0.979
0.9845
0.99
0.9955
1.001
1.0065
1.012
1.0175
1.023
1.0285
1.034
1.0395
1.045
1.0505
1.056
1.0615
1.067
1.0725
1.078
1.0835
1.089
1.0945
1.1
1.1055
1.111
1.1165
1.122
1.1275
1.133
1.1385
1.144
1.1495
1.155
1.1605
1.166
1.1715
1.177
1.1825
1.188
1.1935
1.199
1.2045
1.21
1.2155
1.221
1.2265
1.232
1.2375
1.243
1.2485
1.254
1.2595
1.265
1.2705
1.276
1.2815
1.287
1.2925
1.298
1.3035
1.309
1.3145
1.32
1.3255
1.331
1.3365
1.342
1.3475
1.353
1.3585
1.364
1.3695
1.375
1.3805
1.386
1.3915
1.397
1.4025
1.408
1.4135
1.419
1.4245
1.43
1.4355
1.441
1.4465
1.452
1.4575
1.463
1.4685
1.474
1.4795
1.485
1.4905
1.496
1.5015
1.507
1.5125
1.518
1.5235
1.529
1.5345
1.54
1.5455
1.551
1.5565
1.562
1.5675
1.573
1.5785
1.584
1.5895
1.595
1.6005
1.606
1.6115
1.617
1.6225
1.628
1.6335
1.639
1.6445
1.65
1.6555
1.661
1.6665
1.672
1.6775
1.683
1.6885
1.694
1.6995
1.705
1.7105
1.716
1.7215
1.727
1.7325
1.738
1.7435
1.749
1.7545
1.76
1.7655
1.771
1.7765
1.782
1.7875
1.793
1.7985
1.804
1.8095
1.815
1.8205
1.826
1.8315
1.837
1.8425
1.848
1.8535
1.859
1.8645
1.87
1.8755
1.881
1.8865
1.892
1.8975
1.903
1.9085
1.914
1.9195
1.925
1.9305
1.936
1.9415
1.947
1.9525
1.958
1.9635
1.969
1.9745
1.98
1.9855
1.991
1.9965
2.002
2.0075
2.013
2.0185
2.024
2.0295
2.035
2.0405
2.046
2.0515
2.057
2.0625
2.068
2.0735
2.079
2.0845
2.09
2.0955
2.101
2.1065
2.112
2.1175
2.123
2.1285
2.134
2.1395
2.145
2.1505
2.156
2.1615
2.167
2.1725
2.178
2.1835
2.189
2.1945
2.2
2.2055
2.211
2.2165
2.222
2.2275
2.233
2.2385
2.244
2.2495
2.255
2.2605
2.266
2.2715
2.277
2.2825
2.288
2.2935
2.299
2.3045
2.31
2.3155
2.321
2.3265
2.332
2.3375
2.343
2.3485
2.354
2.3595
2.365
2.3705
2.376
2.3815
2.387
2.3925
2.398
2.4035
2.409
2.4145
2.42
2.4255
2.431
2.4365
2.442
2.4475
2.453
2.4585
2.464
2.4695
2.475
2.4805
2.486
2.4915
2.497
2.5025
2.508
2.5135
2.519
2.5245
2.53
2.5355
2.541
2.5465
2.552
2.5575
2.563
2.5685
2.574
2.5795
2.585
2.5905
2.596
2.6015
2.607
2.6125
2.618
2.6235
2.629
2.6345
2.64
2.6455
2.651
2.6565
2.662
2.6675
2.673
2.6785
2.684
2.6895
2.695
2.7005
2.706
2.7115
2.717
2.7225
2.728
2.7335
2.739
2.7445
2.75
2.7555
2.761
2.7665
2.772
2.7775
2.783
2.7885
2.794
2.7995
2.805
2.8105
2.816
2.8215
2.827
2.8325
2.838
2.8435
2.849
2.8545
2.86
2.8655
2.871
2.8765
2.882
2.8875
2.893
2.8985
2.904
2.9095
2.915
2.9205
2.926
2.9315
2.937
2.9425
2.948
2.9535
2.959
2.9645
2.97
2.9755
2.981
2.9865
2.992
2.9975
3.003
3.0085
3.014
3.0195
3.025
3.0305
3.036
3.0415
3.047
3.0525
3.058
3.0635
3.069
3.0745
3.08
3.0855
3.091
3.0965
3.102
3.1075
3.113
3.1185
3.124
3.1295
3.135
3.1405
3.146
3.1515
3.157
3.1625
3.168
3.1735
3.179
3.1845
3.19
3.1955
3.201
3.2065
3.212
3.2175
3.223
3.2285
3.234
3.2395
3.245
3.2505
3.256
3.2615
3.267
3.2725
3.278
3.2835
3.289
3.2945
3.3
3.3055
3.311
3.3165
3.322
3.3275
3.333
3.3385
3.344
3.3495
3.355
3.3605
3.366
3.3715
3.377
3.3825
3.388
3.3935
3.399
3.4045
3.41
3.4155
3.421
3.4265
3.432
3.4375
3.443
3.4485
3.454
3.4595
3.465
3.4705
3.476
3.4815
3.487
3.4925
3.498
3.5035
3.509
3.5145
3.52
3.5255
3.531
3.5365
3.542
3.5475
3.553
3.5585
3.564
3.5695
3.575
3.5805
3.586
3.5915
3.597
3.6025
3.608
3.6135
3.619
3.6245
3.63
3.6355
3.641
3.6465
3.652
3.6575
3.663
3.6685
3.674
3.6795
3.685
3.6905
3.696
3.7015
3.707
3.7125
3.718
3.7235
3.729
3.7345
3.74
3.7455
3.751
3.7565
3.762
3.7675
3.773
3.7785
3.784
3.7895
3.795
3.8005
3.806
3.8115
3.817
3.8225
3.828
3.8335
3.839
3.8445
3.85
3.8555
3.861
3.8665
3.872
3.8775
3.883
3.8885
3.894
3.8995
3.905
3.9105
3.916
3.9215
3.927
3.9325
3.938
3.9435
3.949
3.9545
3.96
3.9655
3.971
3.9765
3.982
3.9875
3.993
3.9985
4.004
4.0095
4.015
4.0205
4.026
4.0315
4.037
4.0425
4.048
4.0535
4.059
4.0645
4.07
4.0755
4.081
4.0865
4.092
4.0975
4.103
4.1085
4.114
4.1195
4.125
4.1305
4.136
4.1415
4.147
4.1525
4.158
4.1635
4.169
4.1745
4.18
4.1855
4.191
4.1965
4.202
4.2075
4.213
4.2185
4.224
4.2295
4.235
4.2405
4.246
4.2515
4.257
4.2625
4.268
4.2735
4.279
4.2845
4.29
4.2955
4.301
4.3065
4.312
4.3175
4.323
4.3285
4.334
4.3395
4.345
4.3505
4.356
4.3615
4.367
4.3725
4.378
4.3835
4.389
4.3945
4.4
4.4055
4.411
4.4165
4.422
4.4275
4.433
4.4385
4.444
4.4495
4.455
4.4605
4.466
4.4715
4.477
4.4825
4.488
4.4935
4.499
4.5045
4.51
4.5155
4.521
4.5265
4.532
4.5375
4.543
4.5485
4.554
4.5595
4.565
4.5705
4.576
4.5815
4.587
4.5925
4.598
4.6035
4.609
4.6145
4.62
4.6255
4.631
4.6365
4.642
4.6475
4.653
4.6585
4.664
4.6695
4.675
4.6805
4.686
4.6915
4.697
4.7025
4.708
4.7135
4.719
4.7245
4.73
4.7355
4.741
4.7465
4.752
4.7575
4.763
4.7685
4.774
4.7795
4.785
4.7905
4.796
4.8015
4.807
4.8125
4.818
4.8235
4.829
4.8345
4.84
4.8455
4.851
4.8565
4.862
4.8675
4.873
4.8785
4.884
4.8895
4.895
4.9005
4.906
4.9115
4.917
4.9225
4.928
4.9335
4.939
4.9445
4.95
4.9555
4.961
4.9665
4.972
4.9775
4.983
4.9885
4.994
4.9995
5.005
5.0105
5.016
5.0215
5.027
5.0325
5.038
5.0435
5.049
5.0545
5.06
5.0655
5.071
5.0765
5.082
5.0875
5.093
5.0985
5.104
5.1095
5.115
5.1205
5.126
5.1315
5.137
5.1425
5.148
5.1535
5.159
5.1645
5.17
5.1755
5.181
5.1865
5.192
5.1975
5.203
5.2085
5.214
5.2195
5.225
5.2305
5.236
5.2415
5.247
5.2525
5.258
5.2635
5.269
5.2745
5.28
5.2855
5.291
5.2965
5.302
5.3075
5.313
5.3185
5.324
5.3295
5.335
5.3405
5.346
5.3515
5.357
5.3625
5.368
5.3735
5.379
5.3845
5.39
5.3955
5.401
5.4065
5.412
5.4175
5.423
5.4285
5.434
5.4395
5.445
5.4505
5.456
5.4615
5.467
5.4725
5.478
5.4835
5.489
5.4945
5.5
