0.006982326507568359
0.04036855697631836
0.07378435134887695
0.10710620880126953
0.14042997360229492
0.17361044883728027
0.20708012580871582
0.24039554595947266
0.2737722396850586
0.3070871829986572
0.3404204845428467
0.373732328414917
0.4071671962738037
0.4405701160430908
0.47377514839172363
0.50705885887146
0.5404577255249023
0.5737628936767578
0.6070573329925537
0.640505313873291
0.6737723350524902
0.7070918083190918
0.7404260635375977
0.7737536430358887
0.8070833683013916
0.8404157161712646
0.8736255168914795
0.9070916175842285
0.9405124187469482
0.9738342761993408
1.007079839706421
1.0404529571533203
1.0737600326538086
1.1070752143859863
1.1404240131378174
1.1736903190612793
1.2070972919464111
1.2404437065124512
1.2737672328948975
1.3070909976959229
1.340421199798584
1.3736391067504883
1.4070870876312256
1.4404006004333496
1.4738471508026123
1.5070302486419678
1.5404343605041504
1.573758602142334
1.6070630550384521
1.6404283046722412
1.6737749576568604
1.7070674896240234
1.7404391765594482
1.773725986480713
1.8070776462554932
1.8404767513275146
1.873802900314331
1.907090187072754
1.940431833267212
1.9737553596496582
2.0071167945861816
2.040440320968628
2.0737626552581787
2.1070783138275146
2.140415668487549
2.173755168914795
2.2070653438568115
2.240417957305908
2.2737174034118652
2.306975841522217
2.3404529094696045
2.3737785816192627
2.407038688659668
2.4403743743896484
2.473771810531616
2.507099151611328
2.5404982566833496
2.5738070011138916
2.6071014404296875
2.640402317047119
2.6737661361694336
2.7070822715759277
2.7404141426086426
2.773756265640259
2.8070452213287354
2.8404154777526855
2.873746633529663
2.9070301055908203
2.9404232501983643
2.973656415939331
3.0070719718933105
3.040515184402466
3.0737640857696533
3.1071012020111084
3.140418529510498
3.173746347427368
3.207045555114746
3.240427255630493
3.2737326622009277
3.3070878982543945
3.340430736541748
3.3737597465515137
3.407088041305542
3.4404098987579346
3.4737558364868164
3.5070724487304688
3.5404040813446045
3.573847770690918
3.607105016708374
3.6404690742492676
3.6737635135650635
3.7070720195770264
3.7404181957244873
3.773620367050171
3.807088613510132
3.8404157161712646
3.8737897872924805
3.907102108001709
3.9404523372650146
3.973745107650757
4.007087469100952
4.040434122085571
4.073732852935791
4.107205867767334
4.140443801879883
4.173754930496216
4.207155227661133
4.240506887435913
4.2737579345703125
4.307084321975708
4.3403894901275635
4.373756170272827
4.407084941864014
4.44042444229126
4.473745584487915
4.5071024894714355
4.5403993129730225
4.573756694793701
4.607175350189209
4.6405463218688965
4.673751354217529
4.70709753036499
4.74042820930481
4.773751974105835
4.806987285614014
4.840428352355957
4.873758554458618
4.907081604003906
4.940428256988525
4.973811864852905
5.007066011428833
5.040416479110718
5.073741912841797
5.107083082199097
5.1405534744262695
5.173794984817505
5.20710301399231
5.240398406982422
5.273639440536499
5.307072162628174
5.3404271602630615
5.373770475387573
5.407079696655273
5.440428018569946
5.473752498626709
5.5070881843566895
