0.006712675094604492
0.04012656211853027
0.0733945369720459
0.10674023628234863
0.14003729820251465
0.17336320877075195
0.20679926872253418
0.24007511138916016
0.2733495235443115
0.3066873550415039
0.3400285243988037
0.3733532428741455
0.4066922664642334
0.4400005340576172
0.4733998775482178
0.5066583156585693
0.5400230884552002
0.5733356475830078
0.6066591739654541
0.6400666236877441
0.6733653545379639
0.7066903114318848
0.7401306629180908
0.7733867168426514
0.8066816329956055
0.8400616645812988
0.8733527660369873
0.9066710472106934
0.9399447441101074
0.973379373550415
1.006695032119751
1.0400264263153076
1.0733599662780762
1.106689691543579
1.1399998664855957
1.1733498573303223
1.2067017555236816
1.2400383949279785
1.2734873294830322
1.306706190109253
1.340019702911377
1.3733875751495361
1.4067957401275635
1.440089225769043
1.473362684249878
1.5066359043121338
1.54001784324646
1.5732312202453613
1.6066780090332031
1.6400210857391357
1.6733074188232422
1.706693410873413
1.7400283813476562
1.773496389389038
1.8067612648010254
1.8400559425354004
1.8733851909637451
1.9066715240478516
1.9400241374969482
1.9733703136444092
2.0066778659820557
2.0400054454803467
2.0733847618103027
2.1066954135894775
2.1400146484375
2.173407793045044
2.206669807434082
2.2400193214416504
2.2733328342437744
2.3068013191223145
2.3400368690490723
2.373347282409668
2.4067256450653076
2.4400429725646973
2.473346471786499
2.5067121982574463
2.540010929107666
2.573347806930542
2.6065964698791504
2.6400294303894043
2.673394203186035
2.706653594970703
2.740021228790283
2.7733800411224365
2.806678533554077
2.840099811553955
2.8734211921691895
2.906721830368042
2.9400312900543213
2.9733974933624268
3.006659746170044
3.0400137901306152
3.0732619762420654
3.1066670417785645
3.1400299072265625
3.1733438968658447
3.2066900730133057
3.2400152683258057
3.2733755111694336
3.306701421737671
3.3400723934173584
3.3734359741210938
3.406705379486084
3.439870834350586
3.4733660221099854
3.5067026615142822
3.5400023460388184
3.57336163520813
3.606663465499878
3.6400411128997803
3.6733503341674805
3.706695079803467
3.74003005027771
3.773446559906006
3.806668519973755
3.8399150371551514
3.873462677001953
3.906726360321045
3.9400079250335693
3.973437547683716
4.006681442260742
4.040038108825684
4.073371171951294
4.106695890426636
4.140039682388306
4.1731884479522705
4.206683397293091
4.239897727966309
4.273359537124634
4.306634426116943
4.340039968490601
4.373468637466431
4.4068005084991455
4.440041780471802
4.473363876342773
4.50669527053833
4.539848566055298
4.57326078414917
4.606693506240845
4.640022277832031
4.673336982727051
4.7066919803619385
4.7401251792907715
4.7733683586120605
4.8066442012786865
4.83990478515625
4.873366832733154
4.906715154647827
4.940119028091431
4.973397493362427
5.00668478012085
5.040014266967773
5.0734241008758545
5.106707811355591
5.140084505081177
5.173468828201294
5.206697940826416
5.240074396133423
5.273339748382568
5.306596755981445
5.34000825881958
5.373379468917847
5.406671047210693
5.4401726722717285
5.473411798477173
5.5067079067230225
