0.024036407470703125
0.05735373497009277
0.09063863754272461
0.1239616870880127
0.15727949142456055
0.19063401222229004
0.22395610809326172
0.25726938247680664
0.2907073497772217
0.3239626884460449
0.3574352264404297
0.39066195487976074
0.4239654541015625
0.4573078155517578
0.490588903427124
0.5239903926849365
0.5573282241821289
0.5906217098236084
0.6239190101623535
0.657311201095581
0.690626859664917
0.7239458560943604
0.7572808265686035
0.7905993461608887
0.8240010738372803
0.857471227645874
0.8907232284545898
0.9239299297332764
0.9572503566741943
0.9907040596008301
1.0239710807800293
1.057279348373413
1.090618371963501
1.1239535808563232
1.1573381423950195
1.1906249523162842
1.223970890045166
1.257232427597046
1.2905769348144531
1.323859453201294
1.357236385345459
1.3907241821289062
1.4240694046020508
1.4572854042053223
1.490591049194336
1.523967981338501
1.557302713394165
1.590616226196289
1.6239848136901855
1.65726900100708
1.6906113624572754
1.7239577770233154
1.757314920425415
1.790635347366333
1.8239681720733643
1.8572936058044434
1.890625238418579
1.924058437347412
1.9573335647583008
1.990640640258789
2.023960828781128
2.057257652282715
2.090597152709961
2.123962640762329
2.1572937965393066
2.1906192302703857
2.224040985107422
2.257291078567505
2.2906110286712646
2.3239505290985107
2.3572580814361572
2.3906006813049316
2.4240291118621826
2.4573729038238525
2.490633964538574
2.523956060409546
2.557239532470703
2.590627908706665
2.623955249786377
2.657294750213623
2.69059157371521
2.72407603263855
2.757385730743408
2.790606737136841
2.8239147663116455
2.8572800159454346
2.890526056289673
2.9239861965179443
2.9573936462402344
2.9906580448150635
3.023959159851074
3.0572829246520996
3.0905160903930664
3.1239562034606934
3.1573078632354736
3.190620183944702
3.223942756652832
3.25728440284729
3.2906088829040527
3.323930025100708
3.3572959899902344
3.3906092643737793
3.4239513874053955
3.4572887420654297
3.4907493591308594
3.5238704681396484
3.557190179824829
3.5906107425689697
3.6239562034606934
3.657303810119629
3.690624475479126
3.723954439163208
3.7573258876800537
3.7906179428100586
3.823944568634033
3.857292652130127
3.8906407356262207
3.923933267593384
3.9573235511779785
3.9906845092773438
4.024031639099121
4.0572755336761475
4.090619802474976
4.123837471008301
4.1572794914245605
4.190486907958984
4.223926782608032
4.257331371307373
4.290634393692017
4.32396936416626
4.357292652130127
4.390626668930054
4.4239501953125
4.45728063583374
4.490606784820557
4.524040699005127
4.557345390319824
4.5906312465667725
4.623958349227905
4.6572980880737305
4.690626621246338
4.723955392837524
4.757218599319458
4.790627717971802
4.823955774307251
4.8572118282318115
4.89068865776062
4.923789739608765
4.957321405410767
4.990681409835815
5.023972511291504
5.057412147521973
5.09062647819519
5.123926401138306
5.1572864055633545
5.190603017807007
5.2239251136779785
5.2572925090789795
5.29059624671936
5.323923110961914
5.357299089431763
5.39063835144043
5.423912763595581
5.45730996131897
5.490612268447876
