0.26794153451919556	-23.663949966430664	-0.4591705799102783	12.837955474853516	0.9454454779624939	1.579341173171997	0.4003444015979767
0.30364710092544556	-23.775033950805664	-0.3837921619415283	12.877628326416016	0.9280504584312439	1.519831895828247	0.3902736008167267
0.30364710092544556	-24.040842056274414	-0.3084137439727783	13.099796295166016	0.9546007513999939	1.391658067703247	0.5120387077331543
0.30364710092544556	-24.346323013305664	-0.11798405647277832	13.175174713134766	0.9454454779624939	1.272639513015747	0.4809108078479767
0.30364710092544556	-24.346323013305664	-0.11798405647277832	13.175174713134766	0.9454454779624939	1.272639513015747	0.4809108078479767
0.18859583139419556	-24.080514907836914	-0.03863835334777832	12.949039459228516	0.9719957709312439	1.292781114578247	0.5321803092956543
0.15289026498794556	-24.457406997680664	-0.19336247444152832	13.099796295166016	0.9811510443687439	1.282710313796997	0.5724635124206543
0.18859583139419556	-24.723215103149414	-0.11798405647277832	13.401309967041016	1.0077013969421387	1.282710313796997	0.5523219108581543
0.34331995248794556	-24.532785415649414	0.07641291618347168	13.325931549072266	0.9985460638999939	1.223201036453247	0.4506984055042267
0.26794153451919556	-24.608163833618164	0.18749690055847168	13.361637115478516	1.0077013969421387	1.213130235671997	0.4506984055042267
0.18859583139419556	-24.913644790649414	0.03674006462097168	13.698856353759766	1.0516467094421387	1.193904161453247	0.4708400070667267
0.18859583139419556	-24.913644790649414	0.03674006462097168	13.663150787353516	1.0781970024108887	1.213130235671997	0.5422511100769043
0.07751184701919556	-25.024728775024414	0.03674006462097168	13.885318756103516	1.0424914360046387	1.253413438796997	0.4607692062854767
0.07751184701919556	-24.949350357055664	-0.0029327869415283203	13.924991607666016	1.0608019828796387	1.223201036453247	0.5010523796081543
0.11321741342544556	-25.024728775024414	0.07641291618347168	14.151126861572266	1.0608019828796387	1.223201036453247	0.4506984055042267
0.03783899545669556	-24.913644790649414	0.03674006462097168	14.075748443603516	1.0424914360046387	1.173762559890747	0.5523219108581543
0.0021334290504455566	-25.024728775024414	0.07641291618347168	14.186832427978516	1.0516467094421387	1.243342638015747	0.5321803092956543
0.07751184701919556	-25.179452896118164	0.11211848258972168	14.412967681884766	1.0516467094421387	1.223201036453247	0.4607692062854767
0.03783899545669556	-25.064401626586914	0.18749690055847168	14.674808502197266	1.0781970024108887	1.302851915359497	0.4204860031604767
-0.11291784048080444	-24.949350357055664	0.03674006462097168	14.635135650634766	1.1139025688171387	1.381587266921997	0.4406276047229767
0.03783899545669556	-24.608163833618164	0.3025481700897217	14.448673248291016	1.0781970024108887	1.223201036453247	0.4104152023792267
0.0021334290504455566	-25.254831314086914	0.15179133415222168	15.349246978759766	1.1139025688171387	1.342219591140747	0.5221095085144043
-0.11291784048080444	-24.873971939086914	0.07641291618347168	15.158817291259766	1.1221423149108887	1.322077989578247	0.5010523796081543
-0.18829625844955444	-24.231271743774414	0.03674006462097168	15.087406158447266	1.0690417289733887	1.282710313796997	0.4607692062854767
-0.11291784048080444	-24.873971939086914	0.15179133415222168	15.872928619384766	1.0955920219421387	1.223201036453247	0.5221095085144043
-0.03753942251205444	-24.913644790649414	0.22716975212097168	15.686466217041016	1.0955920219421387	1.262568712234497	0.4003444015979767
-0.03753942251205444	-24.040842056274414	0.2668426036834717	16.059391021728516	1.0781970024108887	1.253413438796997	0.3902736008167267
0.37902551889419556	-24.532785415649414	0.4572722911834717	15.722171783447266	1.0424914360046387	1.253413438796997	0.4506984055042267
-0.07721227407455444	-24.270944595336914	0.11211848258972168	16.622745513916016	1.1404528617858887	1.322077989578247	0.4909816086292267
-0.30334752798080444	-24.421701431274414	-0.11798405647277832	16.583072662353516	1.2017931938171387	1.262568712234497	0.4406276047229767
-0.18829625844955444	-24.231271743774414	0.03674006462097168	17.106754302978516	1.1926379203796387	1.362361192703247	0.3902736008167267
0.11321741342544556	-23.699655532836914	0.3779265880584717	16.583072662353516	1.2109484672546387	1.233271837234497	0.4204860031604767
0.15289026498794556	-23.850412368774414	0.4175994396209717	17.630435943603516	1.2722887992858887	1.163691759109497	0.4506984055042267
0.0021334290504455566	-23.663949966430664	0.3779265880584717	17.820865631103516	1.2017931938171387	1.233271837234497	0.4305568039417267
-0.30334752798080444	-23.056955337524414	-0.15368962287902832	17.221805572509766	1.2548937797546387	1.213130235671997	0.5120387077331543
-0.11291784048080444	-22.906198501586914	0.07641291618347168	18.606388092041016	1.2283434867858887	1.312007188796997	0.4406276047229767
-0.15259069204330444	-22.565011978149414	0.15179133415222168	18.269168853759766	1.2017931938171387	1.322077989578247	0.4204860031604767
0.15289026498794556	-22.299203872680664	0.3025481700897217	17.856571197509766	1.1843981742858887	1.203974962234497	0.4708400070667267
0.0021334290504455566	-21.882638931274414	0.07641291618347168	19.018985748291016	1.1139025688171387	1.223201036453247	0.4104152023792267
-0.45410436391830444	-21.501779556274414	-0.19336247444152832	19.094364166259766	0.9811510443687439	1.282710313796997	0.4607692062854767
-0.41839879751205444	-21.390695571899414	-0.2687408924102783	19.316532135009766	0.8218492865562439	1.203974962234497	0.5321803092956543
-0.15259069204330444	-20.859079360961914	0.07641291618347168	19.391910552978516	0.6634630560874939	1.233271837234497	0.2584376633167267
-0.15259069204330444	-19.990243911743164	-0.15368962287902832	18.943607330322266	0.6726183295249939	1.124324083328247	-0.045517418533563614
-0.18829625844955444	-19.990243911743164	-0.3441193103790283	20.141727447509766	0.6726183295249939	1.262568712234497	-0.035446617752313614
-0.41839879751205444	-19.534006118774414	-0.4988434314727783	20.066349029541016	0.6543077826499939	1.134394884109497	-0.10685774683952332
-0.5334500670433044	-18.966684341430664	-0.7249786853790283	19.955265045166016	0.6634630560874939	1.124324083328247	-0.09678694605827332
-0.11291784048080444	-18.359689712524414	-0.15368962287902832	20.439273834228516	0.5929674506187439	1.173762559890747	-0.19841048121452332
-0.7595853209495544	-17.451181411743164	-1.2605621814727783	19.578372955322266	0.4867662787437439	1.233271837234497	-0.3302464187145233
-0.30334752798080444	-16.994943618774414	-0.5742218494415283	20.367862701416016	0.4602159857749939	1.124324083328247	-0.2588352859020233
-0.34302037954330444	-16.768808364868164	-0.8797028064727783	20.514652252197266	0.4867662787437439	1.193904161453247	-0.2890476882457733
-0.49377721548080444	-16.542673110961914	-1.1851837635040283	20.740787506103516	0.4071153998374939	1.154536485671997	-0.21855208277702332
-0.6842069029808044	-15.368356704711914	-1.6810944080352783	20.590030670166016	0.3805651068687439	1.312007188796997	-0.3192600905895233
-0.6445340514183044	-14.380502700805664	-1.3002350330352783	19.653751373291016	0.3457750678062439	1.105098009109497	-0.2991184890270233
0.15289026498794556	-13.852853775024414	-1.0304596424102783	20.439273834228516	0.3192247748374939	1.312007188796997	-0.23869368433952332
-1.2912015914916992	-13.622751235961914	-2.2127106189727783	20.590030670166016	0.4602159857749939	1.134394884109497	-0.24876448512077332
-0.5334500670433044	-12.638864517211914	-1.7961456775665283	20.740787506103516	0.4602159857749939	1.183833360671997	-0.3403172194957733
-0.5334500670433044	-12.638864517211914	-1.7961456775665283	20.740787506103516	0.4602159857749939	1.183833360671997	-0.3403172194957733
0.45440393686294556	-12.488107681274414	-1.0701324939727783	20.776493072509766	0.4162706732749939	1.114253282546997	-0.2789768874645233
-0.8349637389183044	-11.770029067993164	-1.9469025135040283	20.030643463134766	0.4071153998374939	1.084956407546997	-0.20848128199577332
-0.9500150084495544	-10.932931900024414	-2.4428131580352783	20.705081939697266	0.4336656928062439	1.332148790359497	-0.21855208277702332
-0.07721227407455444	-10.782175064086914	-1.8318512439727783	20.328189849853516	0.4254259467124939	1.213130235671997	-0.19841048121452332
0.0021334290504455566	-9.798288345336914	-1.6414215564727783	19.990970611572266	0.4254259467124939	1.203974962234497	-0.3091892898082733
-0.5691556334495544	-9.988718032836914	-2.2523834705352783	20.514652252197266	0.4336656928062439	1.213130235671997	-0.2588352859020233
-0.9103421568870544	-8.925485610961914	-2.5935699939727783	20.367862701416016	0.4336656928062439	1.163691759109497	-0.2689060866832733
-0.8349637389183044	-8.889780044555664	-2.7086212635040283	19.879886627197266	0.4510607123374939	1.055659532546997	-0.2588352859020233
-0.37872594594955444	-7.941598415374756	-2.4428131580352783	20.403568267822266	0.4071153998374939	1.302851915359497	-0.2789768874645233
0.0021334290504455566	-7.640084743499756	-2.1373322010040283	20.292484283447266	0.5041612982749939	1.262568712234497	-0.22862288355827332
0.15289026498794556	-6.993417263031006	-2.0619537830352783	19.915592193603516	0.4602159857749939	1.055659532546997	-0.3705296218395233
0.34331995248794556	-6.656198024749756	-2.0222809314727783	20.141727447509766	0.5746569037437439	1.213130235671997	-0.2890476882457733
0.11321741342544556	-6.235665798187256	-2.3674347400665283	19.729129791259766	0.5572618842124939	1.124324083328247	-0.2588352859020233
0.26794153451919556	-6.049203395843506	-2.4428131580352783	19.915592193603516	0.5572618842124939	1.173762559890747	-0.3604588210582733
-0.15259069204330444	-5.061349391937256	-2.7482941150665283	19.356204986572266	0.4510607123374939	1.025447130203247	-0.3192600905895233
-0.30334752798080444	-4.799508571624756	-2.8633453845977783	19.316532135009766	0.5133165717124939	1.064814805984497	-0.3403172194957733
-0.37872594594955444	-4.724130153656006	-2.8236725330352783	19.768802642822266	0.3988756537437439	1.163691759109497	-0.24876448512077332
-0.6088284850120544	-4.002084255218506	-3.4703400135040283	19.356204986572266	0.4071153998374939	1.144465684890747	-0.21855208277702332
-0.5691556334495544	-3.851327419281006	-3.3195831775665283	19.618045806884766	0.3897203803062439	1.223201036453247	-0.2689060866832733
-0.5334500670433044	-3.208627223968506	-3.5100128650665283	19.241153717041016	0.4162706732749939	1.193904161453247	-0.4007420241832733
-0.6842069029808044	-2.450875759124756	-3.5853912830352783	19.130069732666016	0.4071153998374939	1.154536485671997	-0.3503880202770233
-0.6445340514183044	-2.712716579437256	-3.8154938220977783	19.391910552978516	0.3192247748374939	1.223201036453247	-0.3604588210582733
-0.6842069029808044	-2.978524684906006	-3.8154938220977783	19.391910552978516	0.4254259467124939	1.163691759109497	-0.3705296218395233
-0.6088284850120544	-1.8795868158340454	-3.7401154041290283	19.018985748291016	0.3274645209312439	1.203974962234497	-0.3302464187145233
-0.6842069029808044	-1.9589325189590454	-3.7758209705352783	18.979312896728516	0.3366197943687439	1.233271837234497	-0.3503880202770233
-0.6842069029808044	-2.034310817718506	-3.8908722400665283	19.205448150634766	0.3018297553062439	1.213130235671997	-0.2789768874645233
-0.6445340514183044	-1.8042083978652954	-3.7758209705352783	18.903934478759766	0.2661241888999939	1.193904161453247	-0.3091892898082733
-0.7199124693870544	-1.4630218744277954	-3.6250641345977783	18.903934478759766	0.2569689154624939	1.223201036453247	-0.3705296218395233
-0.9500150084495544	-1.0464569330215454	-3.7004425525665283	18.642093658447266	0.2304186373949051	1.144465684890747	-0.2789768874645233
-0.8746365904808044	-1.2011810541152954	-3.8551666736602783	18.681766510009766	0.1333727389574051	1.163691759109497	-0.3091892898082733
-1.0253934860229492	-1.5384002923965454	-3.7401154041290283	19.054691314697266	0.1333727389574051	1.213130235671997	-0.2789768874645233
-0.9500150084495544	-1.5026947259902954	-3.5496857166290283	18.943607330322266	0.1251329928636551	1.124324083328247	-0.2789768874645233
-0.7992581725120544	-1.2011810541152954	-3.5496857166290283	18.792850494384766	0.10682244598865509	1.124324083328247	-0.2991184890270233
-0.7992581725120544	-1.2368866205215454	-3.3195831775665283	18.903934478759766	0.06287713348865509	1.105098009109497	-0.3705296218395233
-0.45410436391830444	-1.1615082025527954	-3.0894806385040283	18.642093658447266	0.1333727389574051	1.193904161453247	-0.3906712234020233
-0.22796911001205444	-1.0464569330215454	-2.7839996814727783	18.642093658447266	0.11597771942615509	1.342219591140747	-0.2689060866832733
0.18859583139419556	-1.0107513666152954	-2.6729156970977783	18.304874420166016	0.1690783053636551	1.401728868484497	-0.3302464187145233
0.41869837045669556	-0.7449432611465454	-2.6332428455352783	18.007328033447266	0.08027215301990509	1.420954942703247	-0.3806004226207733
0.37902551889419556	-0.8203216791152954	-2.5181915760040283	18.158084869384766	0.06287713348865509	1.480464220046997	-0.3503880202770233
-0.15259069204330444	-1.0464569330215454	-2.5935699939727783	18.118412017822266	0.1251329928636551	1.480464220046997	-0.3503880202770233
-0.7595853209495544	-0.9710785150527954	-2.7086212635040283	18.158084869384766	0.0015368005260825157	1.480464220046997	-0.3192600905895233
-0.49377721548080444	-1.1218353509902954	-2.5578644275665283	18.082706451416016	0.009776546619832516	1.420954942703247	-0.3403172194957733
0.07751184701919556	-1.3519378900527954	-2.2127106189727783	18.082706451416016	0.1516832858324051	1.401728868484497	-0.2890476882457733
0.45440393686294556	-1.9589325189590454	-1.4906647205352783	18.118412017822266	0.08027215301990509	1.391658067703247	-0.3503880202770233
-0.6088284850120544	-2.375497341156006	-1.9469025135040283	18.419925689697266	-0.02501349151134491	1.431025743484497	-0.3192600905895233
-0.6445340514183044	-2.375497341156006	-2.1373322010040283	18.455631256103516	-0.12205938994884491	1.461238145828247	-0.2789768874645233
0.22826868295669556	-1.9192596673965454	-1.8318512439727783	18.193790435791016	0.009776546619832516	1.451167345046997	-0.2689060866832733
-0.26764196157455444	-3.018197536468506	-1.7564728260040283	18.229496002197266	-0.007618472911417484	1.431025743484497	-0.4620823562145233
-0.26764196157455444	-3.736276149749756	-1.3359405994415283	18.868228912353516	-0.007618472911417484	1.401728868484497	-0.3091892898082733
0.8352633118629456	-3.168954372406006	-0.7646515369415283	18.757144927978516	0.2752794623374939	1.441096544265747	-0.4007420241832733
-0.9500150084495544	-4.041757106781006	-1.6810944080352783	18.792850494384766	0.4428209662437439	1.431025743484497	-0.3705296218395233
0.30364710092544556	-4.759835720062256	-0.5742218494415283	18.979312896728516	0.6277574896812439	1.461238145828247	-0.3705296218395233
0.30364710092544556	-4.759835720062256	-0.5742218494415283	18.979312896728516	0.6277574896812439	1.461238145828247	-0.3705296218395233
-0.30334752798080444	-4.684457302093506	-0.8043243885040283	18.792850494384766	0.5746569037437439	1.441096544265747	-0.3503880202770233
0.0021334290504455566	-5.327157497406006	-0.5742218494415283	19.165775299072266	0.6900133490562439	1.461238145828247	-0.4208836257457733
-0.18829625844955444	-5.402535915374756	-0.2687408924102783	18.757144927978516	0.7696642279624939	1.490535020828247	-0.2991184890270233
0.41869837045669556	-6.806954860687256	0.18749690055847168	19.542667388916016	0.8575548529624939	1.609553575515747	-0.3906712234020233
-0.26764196157455444	-6.767282009124756	-0.22906804084777832	18.868228912353516	0.9188951849937439	1.411799669265747	-0.3806004226207733
0.07751184701919556	-7.489327907562256	0.22716975212097168	19.502994537353516	0.9985460638999939	1.352290391921997	-0.3705296218395233
0.26794153451919556	-8.322458267211914	0.2668426036834717	19.502994537353516	0.9903063178062439	1.470393419265747	-0.3091892898082733
0.11321741342544556	-7.941598415374756	0.7230803966522217	19.094364166259766	0.8749498724937439	1.451167345046997	-0.3906712234020233
0.22826868295669556	-9.342050552368164	0.8381316661834717	19.768802642822266	0.9637560248374939	1.352290391921997	-0.3705296218395233
0.18859583139419556	-9.837961196899414	0.4175994396209717	19.502994537353516	0.8841051459312439	1.391658067703247	-0.3906712234020233
0.26794153451919556	-9.988718032836914	1.0642669200897217	19.467288970947266	0.9372057318687439	1.342219591140747	-0.3091892898082733
0.5337496399879456	-11.274118423461914	1.5601775646209717	19.502994537353516	0.9280504584312439	1.431025743484497	-0.2991184890270233
0.30364710092544556	-11.881113052368164	1.1793181896209717	19.241153717041016	0.9280504584312439	1.302851915359497	-0.3604588210582733
0.6448336243629456	-12.297677993774414	1.6395232677459717	19.804508209228516	0.9454454779624939	1.480464220046997	-0.3091892898082733
0.7598848938941956	-12.904672622680664	1.5601775646209717	18.943607330322266	0.8136095404624939	1.431025743484497	-0.3806004226207733
0.8352633118629456	-13.622751235961914	1.9053313732147217	19.356204986572266	0.7962145209312439	1.451167345046997	-0.3705296218395233
0.41869837045669556	-14.646310806274414	1.2546966075897217	18.792850494384766	0.7696642279624939	1.272639513015747	-0.3906712234020233
0.07751184701919556	-15.404062271118164	1.1039397716522217	19.804508209228516	0.8575548529624939	1.669062852859497	-0.3302464187145233
0.6091280579566956	-16.312570571899414	1.8299529552459717	19.018985748291016	0.8575548529624939	1.322077989578247	-0.3503880202770233
0.9106417298316956	-17.300424575805664	1.9807097911834717	19.955265045166016	0.8401598334312439	1.352290391921997	-0.4410252273082733
0.34331995248794556	-18.018503189086914	1.4094207286834717	18.868228912353516	0.5664171576499939	1.411799669265747	-0.3192600905895233
0.37902551889419556	-18.927011489868164	1.1436126232147217	19.502994537353516	0.7605089545249939	1.658992052078247	-0.4108128249645233
0.37902551889419556	-19.418954849243164	1.2943694591522217	18.757144927978516	0.8044542670249939	1.708430528640747	-0.3705296218395233
0.41869837045669556	-20.141000747680664	1.3697478771209717	18.979312896728516	0.8932604193687439	1.529902696609497	-0.3403172194957733
-0.26764196157455444	-20.482187271118164	0.5326507091522217	18.757144927978516	0.7779039740562439	1.371516466140747	-0.4309544265270233
0.30364710092544556	-21.164560317993164	0.9531829357147217	18.566715240478516	0.8218492865562439	1.669062852859497	-0.4108128249645233
-0.11291784048080444	-21.200265884399414	0.3422210216522217	17.967655181884766	0.8667101263999939	1.411799669265747	-0.4922947585582733
0.0021334290504455566	-21.882638931274414	0.4572722911834717	17.967655181884766	0.8575548529624939	1.669062852859497	-0.4007420241832733
0.22826868295669556	-22.184152603149414	0.5683562755584717	17.332889556884766	0.8218492865562439	1.589411973953247	-0.4007420241832733
-0.11291784048080444	-23.017282485961914	0.07641291618347168	18.082706451416016	0.8483995795249939	1.875972032546997	-0.3403172194957733
0.18859583139419556	-22.600717544555664	0.07641291618347168	16.769535064697266	0.8136095404624939	1.678218126296997	-0.3906712234020233
-0.11291784048080444	-22.830820083618164	-0.3084137439727783	16.920291900634766	0.8483995795249939	1.628779649734497	-0.3806004226207733
-0.03753942251205444	-23.513193130493164	-0.3837921619415283	16.471988677978516	0.8401598334312439	1.550044298171997	-0.4309544265270233
0.49407678842544556	-23.548898696899414	0.07641291618347168	16.507694244384766	0.7962145209312439	1.560115098953247	-0.4922947585582733
-0.41839879751205444	-23.433847427368164	-0.8797028064727783	16.245853424072266	0.7339586615562439	1.737727403640747	-0.4922947585582733
-0.49377721548080444	-24.080514907836914	-0.9550812244415283	15.309574127197266	0.8401598334312439	1.658992052078247	-0.4007420241832733
0.5337496399879456	-23.283090591430664	-0.22906804084777832	15.496036529541016	0.7513536810874939	1.519831895828247	-0.4007420241832733
0.15289026498794556	-23.929758071899414	-0.6892731189727783	15.087406158447266	0.8310045599937439	1.609553575515747	-0.4510960280895233
-0.5334500670433044	-23.699655532836914	-1.4509918689727783	14.750186920166016	0.9188951849937439	1.589411973953247	-0.5325779914855957
-0.37872594594955444	-23.775033950805664	-1.2605621814727783	14.710514068603516	0.8401598334312439	1.529902696609497	-0.4007420241832733
0.37902551889419556	-24.005136489868164	-0.6892731189727783	14.635135650634766	0.7779039740562439	1.618708848953247	-0.4822239577770233
0.15289026498794556	-23.739328384399414	-0.9550812244415283	14.262210845947266	0.8136095404624939	1.648921251296997	-0.4007420241832733
-0.26764196157455444	-24.270944595336914	-1.4113190174102783	14.262210845947266	0.8218492865562439	1.718501329421997	-0.5225071907043457
-0.30334752798080444	-23.850412368774414	-1.5660431385040283	14.000370025634766	0.8749498724937439	1.718501329421997	-0.4721531569957733
0.11321741342544556	-23.548898696899414	-1.1851837635040283	13.437015533447266	0.7779039740562439	1.638850450515747	-0.5023655891418457
0.03783899545669556	-23.814706802368164	-1.2605621814727783	13.437015533447266	0.7779039740562439	1.688288927078247	-0.4922947585582733
-0.03753942251205444	-23.965463638305664	-1.4509918689727783	13.548099517822266	0.7962145209312439	1.648921251296997	-0.5124363899230957
-0.03753942251205444	-23.513193130493164	-1.4509918689727783	13.139469146728516	0.8044542670249939	1.599482774734497	-0.4822239577770233
0.03783899545669556	-23.588571548461914	-1.3359405994415283	13.139469146728516	0.8575548529624939	1.609553575515747	-0.4822239577770233
0.03783899545669556	-23.473520278930664	-1.3756134510040283	13.099796295166016	0.8401598334312439	1.628779649734497	-0.5527195930480957
0.0021334290504455566	-23.207712173461914	-1.5660431385040283	12.877628326416016	0.8749498724937439	1.618708848953247	-0.4922947585582733
0.0021334290504455566	-23.207712173461914	-1.4509918689727783	12.802249908447266	0.8667101263999939	1.628779649734497	-0.5627903938293457
0.0021334290504455566	-23.207712173461914	-1.4509918689727783	12.802249908447266	0.8667101263999939	1.628779649734497	-0.5627903938293457
0.34331995248794556	-23.017282485961914	-1.2208893299102783	12.576114654541016	0.8218492865562439	1.609553575515747	-0.4922947585582733
0.11321741342544556	-23.096628189086914	-1.2605621814727783	12.802249908447266	0.8401598334312439	1.658992052078247	-0.4922947585582733
