0.021871089935302734
0.055182695388793945
0.08853578567504883
0.12186002731323242
0.15517878532409668
0.18840932846069336
0.22188234329223633
0.25518345832824707
0.2886323928833008
0.3219738006591797
0.35517358779907227
0.38851284980773926
0.42185378074645996
0.4550364017486572
0.488525390625
0.5217995643615723
0.5551743507385254
0.5885331630706787
0.6218993663787842
0.6551992893218994
0.6885209083557129
0.7218611240386963
0.7552039623260498
0.7884795665740967
0.8220248222351074
0.855201244354248
0.8885376453399658
0.921870231628418
0.9551968574523926
0.9884984493255615
1.0218636989593506
1.0551815032958984
1.0885279178619385
1.1218507289886475
1.1550977230072021
1.1885228157043457
1.2218708992004395
1.255204439163208
1.2885210514068604
1.3218343257904053
1.3553030490875244
1.3885416984558105
1.4218668937683105
1.4551894664764404
1.4884974956512451
1.5218675136566162
1.5552048683166504
1.5884640216827393
1.6218550205230713
1.6551778316497803
1.6885302066802979
1.7218661308288574
1.7552812099456787
1.7886261940002441
1.8218636512756348
1.8552093505859375
1.8885786533355713
1.9218647480010986
1.955183506011963
1.9885389804840088
2.021857261657715
2.05521821975708
2.0885353088378906
2.1218647956848145
2.1551761627197266
2.18851900100708
2.2218503952026367
2.25518798828125
2.2885067462921143
2.3218491077423096
2.355149269104004
2.3886282444000244
2.4218549728393555
2.4551942348480225
2.488528251647949
2.5217394828796387
2.5550739765167236
2.588430166244507
2.6218678951263428
2.655179262161255
2.688504695892334
2.721798896789551
2.7551918029785156
2.788508415222168
2.821779727935791
2.8551347255706787
2.8884401321411133
2.9220147132873535
2.9551877975463867
2.9885239601135254
3.0218489170074463
3.0551815032958984
3.088496446609497
3.1218607425689697
3.1551859378814697
3.1884920597076416
3.2218353748321533
3.255192279815674
3.2884578704833984
3.3218653202056885
3.355196237564087
3.3885319232940674
3.4218525886535645
3.455179214477539
3.488572359085083
3.52182936668396
3.555187225341797
3.5885324478149414
3.62188982963562
3.65518856048584
3.688399314880371
3.7217414379119873
3.7552435398101807
3.788553476333618
3.821852922439575
3.8551478385925293
3.888514995574951
3.9218733310699463
3.9552981853485107
3.9885618686676025
4.021866321563721
4.055204391479492
4.0885233879089355
4.12180757522583
4.155167818069458
4.188602685928345
4.221840143203735
4.25515604019165
4.288540601730347
4.321834087371826
4.355096340179443
4.388545274734497
4.421843528747559
4.4550535678863525
4.488659381866455
4.521871328353882
4.555203199386597
4.58851432800293
4.6218554973602295
4.655040979385376
4.688523292541504
4.72184681892395
4.755014657974243
4.788520574569702
4.821859121322632
4.855174779891968
4.8885204792022705
4.92184853553772
4.9551842212677
4.988509178161621
5.021949291229248
5.055171728134155
5.088523864746094
5.121872663497925
5.155165195465088
5.188518762588501
5.221860647201538
5.255160331726074
5.288497686386108
5.321845293045044
5.355169057846069
5.388418674468994
5.421820640563965
5.455183029174805
5.488390684127808
5.521775245666504
