0.18859583139419556	-20.141000747680664	2.3615691661834717	12.913333892822266	-0.2813611626625061	1.213130235671997	-0.3906712234020233
0.18859583139419556	-20.176706314086914	2.2465178966522217	12.949039459228516	-0.2813611626625061	1.233271837234497	-0.4721531569957733
0.18859583139419556	-20.291757583618164	2.2465178966522217	13.064090728759766	-0.2374158352613449	1.173762559890747	-0.5627903938293457
0.34331995248794556	-20.747995376586914	2.2861907482147217	13.214847564697266	0.0015368005260825157	1.223201036453247	-0.5728611946105957
0.30364710092544556	-20.482187271118164	2.0560882091522217	13.099796295166016	0.1251329928636551	1.173762559890747	-0.5426487922668457
0.22826868295669556	-20.517892837524414	1.9450042247772217	13.099796295166016	0.1599230319261551	1.173762559890747	-0.5930027961730957
0.26794153451919556	-20.898752212524414	2.0203826427459717	13.325931549072266	0.2038683444261551	1.193904161453247	-0.5627903938293457
0.41869837045669556	-20.859079360961914	2.0203826427459717	13.437015533447266	0.2487291842699051	1.243342638015747	-0.4922947585582733
0.34331995248794556	-20.898752212524414	2.0203826427459717	13.361637115478516	0.3631700873374939	1.213130235671997	-0.5225071907043457
0.45440393686294556	-21.164560317993164	1.9450042247772217	13.512393951416016	0.4428209662437439	1.262568712234497	-0.5426487922668457
0.34331995248794556	-21.085214614868164	1.7902801036834717	13.587772369384766	0.4693712592124939	1.243342638015747	-0.5728611946105957
0.18859583139419556	-21.124887466430664	1.6752288341522217	13.698856353759766	0.6012071967124939	1.292781114578247	-0.4922947585582733
0.34331995248794556	-21.239938735961914	1.7902801036834717	13.738529205322266	0.5746569037437439	1.262568712234497	-0.5627903938293457
0.37902551889419556	-20.974130630493164	1.8299529552459717	13.849613189697266	0.6012071967124939	1.253413438796997	-0.4822239577770233
0.30364710092544556	-21.164560317993164	1.6752288341522217	13.849613189697266	0.5929674506187439	1.243342638015747	-0.4510960280895233
0.18859583139419556	-21.426401138305664	1.5601775646209717	14.151126861572266	0.6369127631187439	1.292781114578247	-0.5124363899230957
0.37902551889419556	-21.351022720336914	1.5998504161834717	14.186832427978516	0.5572618842124939	1.322077989578247	-0.5023655891418457
0.15289026498794556	-21.085214614868164	1.3340423107147217	14.222537994384766	0.5746569037437439	1.292781114578247	-0.4721531569957733
0.26794153451919556	-21.085214614868164	1.2546966075897217	14.412967681884766	0.6195177435874939	1.302851915359497	-0.3906712234020233
0.26794153451919556	-21.275644302368164	1.2189910411834717	14.559757232666016	0.5398668646812439	1.322077989578247	-0.3604588210582733
0.18859583139419556	-21.466073989868164	1.1039397716522217	14.896976470947266	0.5398668646812439	1.391658067703247	-0.4510960280895233
0.34331995248794556	-20.974130630493164	1.0642669200897217	14.710514068603516	0.5929674506187439	1.282710313796997	-0.4208836257457733
0.22826868295669556	-20.783700942993164	0.7984588146209717	14.821598052978516	0.5838121771812439	1.302851915359497	-0.3906712234020233
0.22826868295669556	-20.783700942993164	0.7984588146209717	14.821598052978516	0.5838121771812439	1.302851915359497	-0.3906712234020233
0.30364710092544556	-21.581125259399414	0.7984588146209717	15.757877349853516	0.5398668646812439	1.401728868484497	-0.4007420241832733
0.37902551889419556	-21.049509048461914	0.7627532482147217	15.198490142822266	0.5572618842124939	1.322077989578247	-0.4410252273082733
0.26794153451919556	-20.823373794555664	0.4572722911834717	15.872928619384766	0.5838121771812439	1.282710313796997	-0.3705296218395233
0.34331995248794556	-21.164560317993164	0.3779265880584717	15.686466217041016	0.6900133490562439	1.282710313796997	-0.4108128249645233
0.15289026498794556	-20.517892837524414	0.22716975212097168	16.396610260009766	0.6900133490562439	1.322077989578247	-0.3906712234020233
0.34331995248794556	-20.898752212524414	0.15179133415222168	16.321231842041016	0.6900133490562439	1.362361192703247	-0.3302464187145233
0.15289026498794556	-20.557565689086914	-0.11798405647277832	16.694156646728516	0.7074083685874939	1.342219591140747	-0.3604588210582733
0.41869837045669556	-20.367136001586914	-0.3084137439727783	16.396610260009766	0.7696642279624939	1.352290391921997	-0.4309544265270233
0.11321741342544556	-20.517892837524414	-0.6892731189727783	17.408267974853516	0.8667101263999939	1.352290391921997	-0.24876448512077332
0.30364710092544556	-20.442514419555664	-0.7249786853790283	17.594730377197266	0.8575548529624939	1.312007188796997	-0.3091892898082733
0.34331995248794556	-20.065622329711914	-0.7249786853790283	17.146427154541016	0.8841051459312439	1.292781114578247	-0.4208836257457733
0.5694552063941956	-19.077768325805664	-0.9550812244415283	18.118412017822266	0.8932604193687439	1.401728868484497	-0.3906712234020233
0.34331995248794556	-19.684762954711914	-1.2208893299102783	18.455631256103516	0.9188951849937439	1.431025743484497	-0.3403172194957733
0.30364710092544556	-19.343576431274414	-1.5660431385040283	17.820865631103516	0.9188951849937439	1.243342638015747	-0.3403172194957733
0.30364710092544556	-18.320016860961914	-1.7961456775665283	18.903934478759766	0.9015001654624939	1.322077989578247	-0.3192600905895233
0.37902551889419556	-18.927011489868164	-1.7961456775665283	18.903934478759766	0.9106554388999939	1.381587266921997	-0.3806004226207733
0.6091280579566956	-18.435068130493164	-1.7167999744415283	18.943607330322266	0.9637560248374939	1.282710313796997	-0.3091892898082733
0.37902551889419556	-17.903451919555664	-2.1373322010040283	19.431583404541016	0.9546007513999939	1.332148790359497	-0.4007420241832733
0.34331995248794556	-17.336130142211914	-2.5181915760040283	19.130069732666016	0.8932604193687439	1.193904161453247	-0.2890476882457733
-0.18829625844955444	-17.225046157836914	-3.2799103260040283	20.066349029541016	1.0424914360046387	1.371516466140747	-0.3806004226207733
0.18859583139419556	-16.883859634399414	-3.0537750720977783	19.804508209228516	0.9811510443687439	1.322077989578247	-0.3403172194957733
0.45440393686294556	-16.387948989868164	-3.1291534900665283	19.879886627197266	1.0424914360046387	1.272639513015747	-0.2890476882457733
0.11321741342544556	-15.554819107055664	-3.4346344470977783	20.030643463134766	1.0873522758483887	1.154536485671997	-0.3091892898082733
0.03783899545669556	-15.213632583618164	-3.8551666736602783	19.693424224853516	0.9811510443687439	1.154536485671997	-0.2588352859020233
0.07751184701919556	-14.876413345336914	-4.005923271179199	20.554325103759766	0.9811510443687439	1.302851915359497	-0.2890476882457733
0.34331995248794556	-14.420175552368164	-3.8154938220977783	20.478946685791016	1.0424914360046387	1.292781114578247	-0.3604588210582733
0.0021334290504455566	-13.511667251586914	-4.426455497741699	20.665409088134766	0.9719957709312439	1.302851915359497	-0.3503880202770233
-0.37872594594955444	-12.753915786743164	-4.958071708679199	20.367862701416016	1.0168566703796387	1.381587266921997	-0.3604588210582733
0.07751184701919556	-11.996164321899414	-4.616885185241699	19.768802642822266	1.1221423149108887	0.9467118382453918	-0.3503880202770233
0.03783899545669556	-11.881113052368164	-4.501833915710449	20.367862701416016	1.1312975883483887	1.223201036453247	-0.3091892898082733
0.07751184701919556	-11.238412857055664	-4.958071708679199	20.439273834228516	1.0781970024108887	1.223201036453247	-0.3091892898082733
-0.41839879751205444	-10.290231704711914	-5.723757743835449	20.705081939697266	1.1843981742858887	1.381587266921997	-0.2588352859020233
0.0021334290504455566	-9.572153091430664	-5.037417411804199	20.403568267822266	1.1926379203796387	1.272639513015747	-0.3705296218395233
0.03783899545669556	-9.607858657836914	-4.958071708679199	19.990970611572266	1.1578478813171387	1.262568712234497	-0.3806004226207733
-0.34302037954330444	-8.925485610961914	-5.914187431335449	20.740787506103516	1.2017931938171387	1.243342638015747	-0.23869368433952332
-0.26764196157455444	-8.358163833618164	-5.723757743835449	20.367862701416016	1.1926379203796387	1.262568712234497	-0.3806004226207733
-0.03753942251205444	-7.715463161468506	-5.303225517272949	20.030643463134766	1.2191882133483887	1.173762559890747	-0.2991184890270233
-0.41839879751205444	-7.223519802093506	-5.799136161804199	20.328189849853516	1.3519396781921387	1.203974962234497	-0.2789768874645233
-0.45410436391830444	-6.465768337249756	-6.140322685241699	20.217105865478516	1.0955920219421387	1.371516466140747	-0.3906712234020233
-0.37872594594955444	-6.235665798187256	-5.608706474304199	19.578372955322266	0.7696642279624939	1.332148790359497	-0.3403172194957733
-0.18829625844955444	-5.557260036468506	-5.493655204772949	19.804508209228516	0.7513536810874939	1.312007188796997	-0.3403172194957733
-0.45410436391830444	-4.609078884124756	-6.104617118835449	19.955265045166016	0.6103624701499939	1.352290391921997	-0.2689060866832733
-0.26764196157455444	-4.874886989593506	-5.453982353210449	19.356204986572266	0.5041612982749939	1.193904161453247	-0.2689060866832733
-0.49377721548080444	-3.700570583343506	-5.684084892272949	19.653751373291016	0.4162706732749939	1.253413438796997	-0.3604588210582733
-0.30334752798080444	-3.359384059906006	-5.914187431335449	19.502994537353516	0.5307115912437439	1.114253282546997	-0.24876448512077332
-0.26764196157455444	-2.942819118499756	-5.303225517272949	19.130069732666016	0.4254259467124939	1.253413438796997	-0.24876448512077332
-0.26764196157455444	-1.7685028314590454	-5.493655204772949	19.130069732666016	0.5490221381187439	1.332148790359497	-0.24876448512077332
-0.41839879751205444	-2.220773220062256	-5.493655204772949	18.979312896728516	0.4428209662437439	1.223201036453247	-0.3091892898082733
-0.30334752798080444	-0.8957000970840454	-5.073122978210449	18.868228912353516	0.5307115912437439	1.332148790359497	-0.3091892898082733
-0.41839879751205444	-1.2368866205215454	-5.533328056335449	18.717472076416016	0.4336656928062439	1.272639513015747	-0.3705296218395233
-0.41839879751205444	-1.2368866205215454	-5.533328056335449	18.717472076416016	0.4336656928062439	1.272639513015747	-0.3705296218395233
-0.26764196157455444	-0.10224303603172302	-5.037417411804199	18.304874420166016	0.6277574896812439	1.272639513015747	-0.24876448512077332
-0.45410436391830444	-0.10224303603172302	-5.037417411804199	18.566715240478516	0.4776110053062439	1.332148790359497	-0.3302464187145233
-0.03753942251205444	0.353994756937027	-4.501833915710449	18.269168853759766	0.5490221381187439	1.233271837234497	-0.2588352859020233
-0.45410436391830444	0.7705596685409546	-4.541506767272949	18.455631256103516	0.5398668646812439	1.183833360671997	-0.3091892898082733
-0.18829625844955444	0.7705596685409546	-4.501833915710449	18.118412017822266	0.5398668646812439	1.322077989578247	-0.2789768874645233
-0.5691556334495544	1.9052032232284546	-4.386782646179199	17.745487213134766	0.5398668646812439	1.262568712234497	-0.2991184890270233
-0.22796911001205444	1.7544463872909546	-3.9305450916290283	17.594730377197266	0.4254259467124939	1.322077989578247	-0.2890476882457733
-0.45410436391830444	2.627249240875244	-3.7004425525665283	17.856571197509766	0.4162706732749939	1.401728868484497	-0.2890476882457733
-0.26764196157455444	2.321768283843994	-3.2045319080352783	17.332889556884766	0.3366197943687439	1.243342638015747	-0.3192600905895233
-0.41839879751205444	2.551870822906494	-3.2045319080352783	17.705814361572266	0.3100695013999939	1.262568712234497	-0.3906712234020233
-0.34302037954330444	3.650808811187744	-2.6332428455352783	17.257511138916016	0.3897203803062439	1.391658067703247	-0.3403172194957733
-0.5334500670433044	3.460379123687744	-2.7086212635040283	17.146427154541016	0.3631700873374939	1.213130235671997	-0.4007420241832733
-0.18829625844955444	3.460379123687744	-2.4428131580352783	17.368595123291016	0.2395739108324051	1.282710313796997	-0.2890476882457733
0.26794153451919556	3.991995334625244	-1.7961456775665283	17.146427154541016	0.3274645209312439	1.312007188796997	-0.3503880202770233
-0.6842069029808044	4.900503635406494	-1.8318512439727783	16.694156646728516	0.1599230319261551	1.203974962234497	-0.3906712234020233
-0.18829625844955444	4.253836154937744	-1.1455109119415283	17.031375885009766	0.3274645209312439	1.223201036453247	-0.2789768874645233
-0.18829625844955444	4.408560276031494	-0.6892731189727783	16.844913482666016	0.3366197943687439	1.282710313796997	-0.3806004226207733
-0.30334752798080444	4.975882053375244	-0.5742218494415283	16.809207916259766	0.2395739108324051	1.312007188796997	-0.4108128249645233
-0.49377721548080444	5.582876682281494	0.03674006462097168	16.471988677978516	0.2038683444261551	1.243342638015747	-0.3806004226207733
-0.15259069204330444	5.428152561187744	0.4929778575897217	16.170475006103516	0.1956285983324051	1.223201036453247	-0.4410252273082733
0.03783899545669556	5.011587619781494	1.2546966075897217	16.285526275634766	0.3100695013999939	1.213130235671997	-0.4108128249645233
-0.41839879751205444	5.503530979156494	0.9888885021209717	16.059391021728516	0.1425280123949051	1.461238145828247	-0.2890476882457733
-0.30334752798080444	6.035147190093994	1.5998504161834717	15.686466217041016	0.2926744818687439	1.480464220046997	0.045119788497686386
-0.18829625844955444	5.769339084625244	2.1711394786834717	15.797550201416016	0.3018297553062439	1.579341173171997	0.16688492894172668
-0.07721227407455444	5.924063205718994	2.8971526622772217	15.722171783447266	0.1425280123949051	1.688288927078247	0.19709733128547668
0.26794153451919556	5.999441623687744	3.6588714122772217	15.646793365478516	0.3100695013999939	1.618708848953247	0.20716813206672668
0.49407678842544556	6.110525608062744	4.079403877258301	15.611087799072266	0.2835192084312439	1.628779649734497	0.2584376633167267
0.41869837045669556	6.074820041656494	4.841122627258301	15.611087799072266	0.3100695013999939	1.579341173171997	0.20716813206672668
0.22826868295669556	6.491384983062744	5.186276435852051	15.384952545166016	0.2926744818687439	1.500605821609497	0.2685084640979767
-0.07721227407455444	6.602468967437744	5.452084541320801	15.460330963134766	0.3631700873374939	1.579341173171997	0.18702653050422668
0.18859583139419556	6.868277072906494	6.213803291320801	15.535709381103516	0.2395739108324051	1.628779649734497	0.21723893284797668
0.34331995248794556	6.943655490875244	6.749386787414551	15.420658111572266	0.3100695013999939	1.519831895828247	0.3188624680042267
0.5694552063941956	7.098379611968994	7.471432685852051	15.384952545166016	0.1956285983324051	1.510676622390747	0.19709733128547668
0.8352633118629456	6.717520236968994	7.931637763977051	15.646793365478516	0.2395739108324051	1.599482774734497	0.24836686253547668
0.6448336243629456	6.602468967437744	8.4275484085083	15.496036529541016	0.4071153998374939	1.539973497390747	0.16688492894172668
0.30364710092544556	6.792898654937744	8.92345905303955	15.686466217041016	0.3631700873374939	1.470393419265747	0.23829606175422668
0.30364710092544556	6.943655490875244	9.45507526397705	15.198490142822266	0.1956285983324051	1.550044298171997	0.18702653050422668
0.07751184701919556	7.435598850250244	9.3400239944458	15.309574127197266	0.3631700873374939	1.431025743484497	0.2685084640979767
0.45440393686294556	7.098379611968994	10.7127046585083	15.309574127197266	0.3366197943687439	1.510676622390747	0.19709733128547668
1.1407442092895508	6.832571506500244	11.28796100616455	15.686466217041016	0.4602159857749939	1.579341173171997	0.4003444015979767
-0.07721227407455444	6.868277072906494	11.47839069366455	15.123111724853516	0.2038683444261551	1.401728868484497	0.2584376633167267
0.49407678842544556	7.019033908843994	11.66882038116455	15.646793365478516	0.3366197943687439	1.589411973953247	0.3188624680042267
0.8352633118629456	7.816458225250244	13.3073091506958	15.309574127197266	0.08027215301990509	1.519831895828247	0.17695572972297668
0.7995577454566956	6.527090549468994	13.04150104522705	15.158817291259766	0.4162706732749939	1.550044298171997	0.2584376633167267
-0.03753942251205444	7.209463596343994	12.85107135772705	15.571414947509766	0.3366197943687439	1.362361192703247	0.23829606175422668
1.3311738967895508	6.832571506500244	14.3388032913208	15.158817291259766	0.4254259467124939	1.638850450515747	0.3188624680042267
-0.34302037954330444	7.360220432281494	13.4580659866333	14.750186920166016	0.1599230319261551	1.381587266921997	0.3188624680042267
1.5969820022583008	7.058706760406494	15.17590045928955	15.273868560791016	0.2304186373949051	1.589411973953247	0.3289332687854767
0.5694552063941956	7.209463596343994	14.94579792022705	14.448673248291016	0.2661241888999939	1.183833360671997	0.3701319992542267
0.26794153451919556	7.058706760406494	14.8307466506958	15.496036529541016	0.2395739108324051	1.500605821609497	0.3490748703479767
0.26794153451919556	7.058706760406494	14.8307466506958	15.496036529541016	0.2395739108324051	1.500605821609497	0.3490748703479767
0.30364710092544556	7.399893283843994	15.6321382522583	14.599430084228516	0.2038683444261551	1.282710313796997	0.21723893284797668
0.11321741342544556	6.717520236968994	16.128047943115234	15.012027740478516	0.2926744818687439	1.490535020828247	0.2584376633167267
0.49407678842544556	7.249136447906494	16.739009857177734	15.047733306884766	0.3988756537437439	1.371516466140747	0.3591456711292267
-0.7595853209495544	7.475271701812744	15.40600299835205	15.309574127197266	0.2038683444261551	1.401728868484497	0.4003444015979767
-0.5691556334495544	7.399893283843994	15.78686237335205	14.936649322509766	0.1690783053636551	1.490535020828247	0.24836686253547668
0.03783899545669556	8.117971420288086	16.739009857177734	15.123111724853516	0.09858269989490509	1.441096544265747	0.2785792648792267
-0.6842069029808044	8.082265853881836	16.052669525146484	14.412967681884766	0.2487291842699051	1.560115098953247	0.3591456711292267
0.49407678842544556	8.193349838256836	16.588253021240234	14.785892486572266	0.2487291842699051	1.648921251296997	0.3188624680042267
-1.0650663375854492	9.066152572631836	15.13622760772705	14.484378814697266	0.11597771942615509	1.401728868484497	0.24836686253547668
-0.5334500670433044	8.764638900756836	15.4417085647583	14.710514068603516	0.2926744818687439	1.628779649734497	0.3390040695667267
-1.2554960250854492	9.938955307006836	14.56493854522705	14.186832427978516	-0.007618472911417484	1.490535020828247	0.18702653050422668
0.5337496399879456	9.367666244506836	15.8622407913208	13.849613189697266	0.1516832858324051	1.658992052078247	0.24836686253547668
-0.5691556334495544	10.355520248413086	14.94579792022705	13.960697174072266	0.09858269989490509	1.589411973953247	0.2584376633167267
-1.4062528610229492	10.581655502319336	13.95397663116455	13.175174713134766	-0.01677374541759491	1.519831895828247	0.2785792648792267
0.18859583139419556	11.490163803100586	14.8307466506958	13.774234771728516	0.11597771942615509	1.658992052078247	0.2785792648792267
-0.03753942251205444	10.772085189819336	14.4498872756958	12.877628326416016	0.1425280123949051	1.589411973953247	0.22730973362922668
-1.1761503219604492	11.982107162475586	12.96215534210205	12.726871490478516	0.009776546619832516	1.589411973953247	0.2987208664417267
-0.41839879751205444	12.097158432006836	13.1565523147583	12.500736236572266	0.08027215301990509	1.550044298171997	0.22730973362922668
-0.8349637389183044	12.057485580444336	12.7360200881958	12.238895416259766	-0.07811407744884491	1.519831895828247	0.3591456711292267
-0.41839879751205444	12.854909896850586	12.2758150100708	12.278568267822266	-0.12205938994884491	1.431025743484497	0.3390040695667267
-0.15259069204330444	12.739858627319336	12.81139850616455	12.389652252197266	-0.007618472911417484	1.618708848953247	0.3490748703479767
-0.18829625844955444	12.815237045288086	12.20043659210205	12.127811431884766	-0.07811407744884491	1.727656602859497	0.2785792648792267
0.49407678842544556	13.005666732788086	12.77172565460205	11.750919342041016	-0.1312146633863449	1.490535020828247	0.24836686253547668
-0.03753942251205444	13.763418197631836	11.81957721710205	11.489078521728516	-0.06895880401134491	1.480464220046997	0.3802028000354767
-0.6088284850120544	13.648366928100586	11.5140962600708	11.564456939697266	-0.06895880401134491	1.628779649734497	0.3701319992542267
0.5694552063941956	13.271474838256836	11.81957721710205	11.342288970947266	-0.1751599758863449	1.609553575515747	0.2584376633167267
-0.18829625844955444	13.953847885131836	11.24828815460205	10.929691314697266	-0.1843152493238449	1.550044298171997	0.3087916672229767
-0.5334500670433044	13.572988510131836	10.9031343460083	11.151859283447266	-0.1751599758863449	1.589411973953247	0.24836686253547668
0.26794153451919556	14.179983139038086	11.0935640335083	10.929691314697266	-0.1577649563550949	1.490535020828247	0.3701319992542267
0.03783899545669556	13.878469467163086	10.9824800491333	10.739261627197266	-0.2548108696937561	1.609553575515747	0.2685084640979767
-0.15259069204330444	13.763418197631836	10.7127046585083	10.929691314697266	-0.2191052883863449	1.529902696609497	0.3902736008167267
-0.18829625844955444	14.330739974975586	10.82775592803955	10.667850494384766	-0.2639661431312561	1.599482774734497	0.3289332687854767
0.07751184701919556	14.029226303100586	10.7920503616333	10.366336822509766	-0.3079114556312561	1.529902696609497	0.3188624680042267
-0.22796911001205444	13.989553451538086	10.44689655303955	10.592472076416016	-0.3161512017250061	1.569270372390747	0.3591456711292267
0.03783899545669556	14.179983139038086	10.63732624053955	10.441715240478516	-0.3253064751625061	1.579341173171997	0.4204860031604767
0.15289026498794556	14.144277572631836	10.48656940460205	10.290958404541016	-0.3610120415687561	1.579341173171997	0.3087916672229767
0.0021334290504455566	14.179983139038086	10.5222749710083	10.179874420166016	-0.3610120415687561	1.579341173171997	0.3802028000354767
0.15289026498794556	14.029226303100586	10.48656940460205	10.441715240478516	-0.3427014946937561	1.618708848953247	0.4204860031604767
-0.15259069204330444	14.029226303100586	10.21679401397705	10.406009674072266	-0.3518567681312561	1.539973497390747	0.3902736008167267
0.07751184701919556	14.144277572631836	10.44689655303955	10.330631256103516	-0.3427014946937561	1.560115098953247	0.3591456711292267
