0.12106132762264787	0.15998811760363096	0.6161114289273016	-2.6433690270930557	-0.251013865329916	2.7631346226533253	-2.1753234049341805
0.12105882196886497	0.15998810889102766	0.616114317763809	-2.643364151369061	-0.2510153891871272	2.7631367588837943	-2.175322073054566
0.12107260441419301	0.15998743444507524	0.6161089446644814	-2.6433684461651445	-0.2510170376267826	2.7631323880582044	-2.175322545940252
0.12135655458228646	0.15998415667652738	0.6160074509012239	-2.6433262037205454	-0.25101861623823574	2.762969178210632	-2.175343261681535
0.12188379708301306	0.15979799578797982	0.6156337071210018	-2.6432093660290032	-0.25102189043936857	2.76273996721197	-2.1755420748150205
0.12294561911227371	0.1594300786069699	0.6148404347995722	-2.64293503586318	-0.2510405042950781	2.7622669355791976	-2.175828714209304
0.12471570702540911	0.1588669072642253	0.6134525148194416	-2.6426329958291594	-0.25107670191390286	2.7614337196782928	-2.176309131734646
0.1273277991505125	0.15802326337836148	0.6114892982420091	-2.64227736604014	-0.251186531971221	2.760226197135011	-2.1770756361142753
0.13080678461929154	0.15675059307463718	0.6086620583519615	-2.6417484550002377	-0.25125931482394454	2.7585637779393	-2.178073061395291
0.1353809117436879	0.15510840206517207	0.6050427545626772	-2.640945940459719	-0.2513944084432584	2.756394977740874	-2.1793992950446492
0.14116379281407312	0.15300067601721423	0.6005664127200515	-2.6399688943173016	-0.25156896657349576	2.7536321893593123	-2.181053572309691
0.1482335635779034	0.15039275518174394	0.5950875103985449	-2.6387341220714986	-0.25178293852070577	2.75024386675817	-2.183019951864503
0.15655078658354613	0.14735392151293125	0.5883300498533662	-2.637244518913559	-0.2520180541337024	2.7461958836413936	-2.18536844873632
0.16623722898610882	0.14379157993192665	0.5804186693521635	-2.6355117799647507	-0.2523010532743762	2.7414458876240966	-2.188058620939735
0.17777941005515274	0.1395558873504174	0.5716279959649674	-2.6335775863171578	-0.25263636791828	2.7359835126515084	-2.191006861942025
0.19066312621556036	0.13468916891233448	0.5613330192519671	-2.6313066400545924	-0.25299137927946463	2.7295885332452974	-2.1943761618175324
0.20507308493203477	0.12929539021073533	0.5496480291764317	-2.6286987932347206	-0.25339055187612025	2.722472799542051	-2.1980680033186935
0.2212743526841904	0.123235841466377	0.5366902192370899	-2.625797086554355	-0.2538313031398331	2.7144581553891562	-2.2021847143769393
0.2391588466681626	0.11643251443643786	0.5224049413568588	-2.6225633019323853	-0.2543545933296112	2.705514029387067	-2.2066611810072496
0.25888394678807775	0.10885472167558329	0.5067972295308024	-2.61897999206508	-0.25493344578640587	2.6957536977483145	-2.2112838942771913
0.2801146072219264	0.10076045019373168	0.4895833991628983	-2.615133842151581	-0.2555425969178234	2.6849094606877464	-2.216247498413719
0.3030516395457058	0.09190565271641436	0.47086212225420593	-2.610879813162425	-0.2561668538710441	2.67321597994558	-2.2215907992755644
0.327915823264792	0.08214117039721827	0.4509702588689186	-2.60621937274134	-0.2568887938500597	2.6605740737451433	-2.2272390250631062
0.35441135481749314	0.07172496947623655	0.42953952296481296	-2.601274883295933	-0.25765193164906486	2.64686705425792	-2.232792841988299
0.38256227545869353	0.060802292141992446	0.4066796781721256	-2.5959903364752193	-0.25844252973678616	2.6322417228822483	-2.2386602276050733
0.41231429763569777	0.04883677197547921	0.3824547192693498	-2.590351028313112	-0.25928347640782945	2.616652838260985	-2.244684222862896
0.4437135439269009	0.03630715844485563	0.3568640882116943	-2.5843154790367846	-0.26014603248334434	2.6000672224018806	-2.250761066939505
0.47659140892355834	0.02289367970419819	0.3299078498227379	-2.577848363579539	-0.26101842692485866	2.5824761388592408	-2.25675948633235
0.5109384843130969	0.008933562350178888	0.3016085941293289	-2.5712310595619665	-0.26196985754804203	2.5638788371703174	-2.2628544995295305
0.5467029713945483	-0.0058288477696321565	0.27223213590055445	-2.564118121984649	-0.262896535907136	2.5443762065730495	-2.268781958103744
0.5836697205966911	-0.021284367743513527	0.24148770367989814	-2.5566924713408046	-0.26388888645942987	2.5239324935504444	-2.2744438372615634
0.621890088131326	-0.037465305201118855	0.2096989128644704	-2.548857462201703	-0.2648754850512483	2.5026542707706763	-2.2799843549719636
0.6612078786218731	-0.05420066172253679	0.17685677294168076	-2.5408766047950913	-0.2658877353282988	2.4803979905724245	-2.285282201784605
0.7015635550350131	-0.07156405391395013	0.14310828699060563	-2.532507760072446	-0.2668788818661525	2.457271816783185	-2.2899074734508913
0.739013131145494	-0.08810837619635323	0.1114859786208094	-2.524454556011053	-0.26779379899166555	2.435534857335039	-2.293815447348859
0.7844877912685133	-0.10830298490616669	0.07290601422308407	-2.5147508420411384	-0.2688977717191445	2.408581500422267	-2.2979033409552088
0.8268816701455659	-0.12740966689400687	0.03672096007454696	-2.5055360075906887	-0.2699245465127795	2.3830747224864997	-2.30096704950251
0.8696625070286217	-0.14712013606768212	-2.196415448609254e-05	-2.495907912267229	-0.27093311881995935	2.3569395244635216	-2.3032966735647276
0.9127491569318209	-0.16732249682816616	-0.037219343923433484	-2.4862241431825427	-0.2718948353379983	2.3299984556829823	-2.3047197911791204
0.9557941929440116	-0.18788492553080036	-0.07487153081683799	-2.4761585780075444	-0.27284533689390816	2.3025155622321978	-2.305187028751826
0.9987778711226521	-0.20883994146083748	-0.11260019151320323	-2.4659900927899088	-0.2737642445186893	2.2744326124711955	-2.3049229428163795
0.9987778711226521	-0.20883994146083748	-0.11260019151320323	-2.4659900927899088	-0.2737642445186893	2.2744326124711955	-2.3049229428163795
1.041422004378284	-0.23018206549302553	-0.15048539500653627	-2.4556413157245602	-0.27463582674569154	2.2458863457556433	-2.3030658644949673
1.0834728975939585	-0.2518140909601992	-0.18834561561710034	-2.4449042836420602	-0.2754787035813937	2.2169251121618303	-2.2998590369897136
1.1249828836037306	-0.2736941246993755	-0.22580932080527333	-2.43432163715064	-0.2762782623141345	2.1874775222195995	-2.2952586553408856
1.1651989153787907	-0.29572135127200067	-0.2631813269908459	-2.4234279287932274	-0.27700690376168907	2.1577812214987655	-2.289124913880129
1.20451179468788	-0.31790442986069284	-0.29971158092050293	-2.4125338903290556	-0.2776404543653079	2.1278307993995025	-2.2810953776860434
1.2420951327069105	-0.34019052200150807	-0.3357934169530315	-2.401596859130497	-0.2781975309345201	2.0977090723159098	-2.2713251344853846
1.2781823543834867	-0.3624624744479727	-0.37078906410637613	-2.3904583992262975	-0.27868455767108735	2.0675262846999938	-2.2594289357637884
1.312199719066417	-0.3846433160283187	-0.4047573433996553	-2.3795321873450797	-0.2790721223297222	2.0373058807086255	-2.2456809736672816
1.343913748844022	-0.4067487274485273	-0.43752839600229354	-2.368462182245849	-0.279328021889625	2.0072600087026555	-2.2293193460593703
1.3730903075874539	-0.42858797764508344	-0.46877458437693553	-2.357576725439732	-0.27948182810196986	1.9772464345250083	-2.2105455705647548
1.3994593272701001	-0.4501569494688548	-0.49831502075875045	-2.346672046223418	-0.2795223197262278	1.9476309000225993	-2.1892432953397667
1.4220986329429737	-0.47079785311619626	-0.5251898714381977	-2.3362601626116284	-0.2795168381441598	1.9191428358336386	-2.1659862486830592
1.4420570693545995	-0.49156199587080174	-0.5506626260553487	-2.3257794676578727	-0.2794184501175693	1.8903830053380013	-2.1389668792491574
1.458216915277396	-0.5118894551781579	-0.5738298516133437	-2.3153171689881695	-0.2790528682282809	1.8621413642070719	-2.1088384146116974
1.470293507910378	-0.531539391989361	-0.594503750458761	-2.305275701803209	-0.2784685661397759	1.8344905484086127	-2.0755063471170567
1.478605511081837	-0.5506456995545843	-0.612697641592704	-2.2953783818859748	-0.27765940141358547	1.8076045203962503	-2.0390246112129438
1.4828385068183754	-0.5691091096304753	-0.6284880434963931	-2.2857278460120436	-0.27672906964513944	1.7813161088084333	-1.9995443406026148
1.483703877360737	-0.5870360237804679	-0.6418537340676097	-2.276369783550786	-0.275573288651323	1.7558354989632976	-1.9569590037805478
1.4808940216124846	-0.6043206358244735	-0.6531336486487967	-2.267214927325489	-0.27427637782510705	1.7309892966885183	-1.9116479818956296
1.474552717737215	-0.6209978043886641	-0.6619366332666277	-2.2583564723394645	-0.2728300278061349	1.7068073528135677	-1.8635450400666245
1.4648934697792848	-0.637077599041978	-0.668710911807954	-2.2496862948711853	-0.2712021329867612	1.683379473613735	-1.812734174211912
1.451793327988277	-0.6525960980333815	-0.6736767831643414	-2.241311582834597	-0.26938757473526165	1.6606514703577404	-1.7593481465481682
1.4356598040246213	-0.6675142353695467	-0.6764148201586007	-2.2331715958862772	-0.2674492739171134	1.6387136972073206	-1.7035725000667705
1.4167900065930117	-0.6818249090898982	-0.6771544314830648	-2.2253105656173684	-0.26529000570370687	1.6175344980612913	-1.645413053669848
1.3945760901514939	-0.6953417049908827	-0.6764941385595845	-2.2177715736570964	-0.2630256666870731	1.5969716655337491	-1.5849622152251128
1.3697942670460845	-0.7084542109552077	-0.673869214921948	-2.2103698534371734	-0.2605896912801376	1.577283917146856	-1.5224358420275665
1.342288205069018	-0.7209960045269587	-0.6694549316829221	-2.203320268972168	-0.2579581589415755	1.5582713101898567	-1.4578296514968685
1.3124038755886547	-0.7327923017398504	-0.6633495873773069	-2.196574442455446	-0.25518666313722954	1.5400720775123977	-1.3912164758118275
1.279963733826945	-0.7440276013368241	-0.6556641784171984	-2.190029802710082	-0.2523271280816056	1.5226506218421887	-1.3227787082191305
1.2451361975517587	-0.7545900892167049	-0.6464862003601166	-2.1838447908138314	-0.24930770660351048	1.5059042746762639	-1.2525851871431157
1.208163608824161	-0.764629704079406	-0.6360278675708436	-2.17789830025463	-0.24622185809166927	1.4900027957036408	-1.1807594119654217
1.1690654297223393	-0.7739903922448561	-0.6242127503231527	-2.172307564521147	-0.24283554958799541	1.4749843576920298	-1.1073434634854304
1.1280910699042563	-0.7827463222954443	-0.6108691495102869	-2.166948160168608	-0.2394496037731484	1.460675253256171	-1.032501415322442
1.085151220713339	-0.790943031809096	-0.5965894510013824	-2.161789251507094	-0.23579839051017237	1.4471663706530735	-0.9563257202960057
1.0404956386795985	-0.7984585757605621	-0.5811376007260082	-2.157101894219609	-0.23217065137390167	1.434525445955475	-0.8789258363541297
0.9943678177170299	-0.8053222208609858	-0.5644338790706888	-2.152638302114311	-0.2283148865997843	1.4227141771583227	-0.8003292486479814
0.9465439678114382	-0.8116277831829176	-0.5469424285794532	-2.1484794140534333	-0.2243950872167618	1.4116627061334932	-0.720672165531058
0.8972253086175508	-0.8173326519106702	-0.5285732637638216	-2.144603139540971	-0.220371028303055	1.4015268725884116	-0.6401006458554404
0.8468425747115618	-0.8222976966069705	-0.5092598579631555	-2.141058758319992	-0.21611636289290453	1.3921536499738836	-0.5586937462779739
0.7952736108199585	-0.8267011413236545	-0.4891149575645015	-2.1377771511617865	-0.2118247436010208	1.3837333371882958	-0.4765638320533195
0.7424984296580762	-0.8305093657203936	-0.4684000750505358	-2.1349018600344363	-0.20746993635981795	1.3760941993362203	-0.3937472497224468
0.6888533926397733	-0.8336871146263591	-0.4470007554473213	-2.1322879442601494	-0.20288433325841324	1.3693564832935894	-0.31039564831446326
0.6344357434459138	-0.8362082735216579	-0.425007438351318	-2.1300063903154047	-0.19824760410519765	1.363486371614301	-0.22655794187238587
0.5793281018271401	-0.8380408614613495	-0.40246173605078456	-2.127999775453259	-0.19350766837099426	1.3585322284825336	-0.1424776679483282
0.5236231608847838	-0.839268143370876	-0.3794993202336839	-2.1263851387873878	-0.18861693561516701	1.3543993788847108	-0.05811818652584433
0.46739958547566757	-0.8398701940685958	-0.35625064568829123	-2.125083905456031	-0.18368875863777603	1.3512138649099172	0.02641590863118516
0.41076920625662183	-0.8398976582708405	-0.33279354836182573	-2.1241692469648386	-0.17863543858603806	1.3489067076823387	0.11092113570264753
0.353875354981243	-0.8393409893153241	-0.30919588695558303	-2.1235346270067446	-0.17354525971440038	1.347528510303871	0.19541743658924665
0.2969163582932169	-0.8381230099194945	-0.2853783800737893	-2.1231873717288163	-0.1683057315227479	1.3470131338000713	0.2797236006911902
0.2399176052694705	-0.8362524879639747	-0.2614619502280838	-2.123146191049685	-0.1629043395824892	1.3472750254956605	0.36378338161535545
0.18305023406489962	-0.8337219040914733	-0.23751370723382587	-2.123471052288657	-0.15745577320734283	1.3486347184196774	0.4475345571613227
0.12636658574351162	-0.8305177051470763	-0.2136945033605481	-2.1240884369392448	-0.15198536890815445	1.3509424915357617	0.530754428447924
0.12636658574351162	-0.8305177051470763	-0.2136945033605481	-2.1240884369392448	-0.15198536890815445	1.3509424915357617	0.530754428447924
0.07001093034737793	-0.8266276053424992	-0.19004008511505444	-2.1251183844594816	-0.14642497738387703	1.3541976711194497	0.6133964486585275
0.014123351584258552	-0.8220996285231942	-0.16666428060713967	-2.1265318064958194	-0.1407654217942779	1.358420388541932	0.6954316675696245
-0.041211436547778174	-0.8169617709504428	-0.14354546336841859	-2.1282842041773216	-0.13493705002523768	1.363598006755285	0.776671238251728
-0.09590028117837053	-0.811116669000415	-0.12078582195691429	-2.130448696696024	-0.1291269640940208	1.369773549922379	0.8570238478305615
-0.14981982148337827	-0.8047520960250737	-0.09850829896514744	-2.1329596553569212	-0.12317700325351114	1.3768693345707332	0.9364373671252003
-0.20285693661852733	-0.7976279266946351	-0.07671075261722937	-2.1357837804291746	-0.11720346421634366	1.38504773508717	1.014746552601032
-0.25481300479938135	-0.7898209248959981	-0.05551587017126466	-2.1390889339833734	-0.11117752663765039	1.3941463908011982	1.0919020730708937
-0.3056290320425568	-0.7813726973195826	-0.0349655501697733	-2.142739585378038	-0.10504121231917626	1.4042799126733212	1.1677726599601312
-0.35520766970823536	-0.7724099148356531	-0.015125550159783957	-2.1466962993165652	-0.0988132771699741	1.4153926584165972	1.2422934877068852
-0.4034171037722628	-0.762676573908015	0.0039165739559510445	-2.151059931348298	-0.09257355608889604	1.4275105507281263	1.3153124618897494
-0.4502024744862115	-0.7522768313243317	0.022152115104562976	-2.1558612957895273	-0.08625273254908357	1.4406729583557167	1.3867550459276388
-0.49532000026634904	-0.741312813734308	0.039318109318339234	-2.160945701023964	-0.0798546029547263	1.4548276315173698	1.456532665738454
-0.5388269356870221	-0.7295640032431764	0.055435642080889955	-2.166443691758341	-0.073412217872969	1.470057981648208	1.5245558894684526
-0.580407890021725	-0.7172936556116118	0.07066426607416514	-2.1723772570093582	-0.06692907781712817	1.4862911585913825	1.5907028727261505
-0.6201528226225143	-0.7042263586522446	0.08452957906775586	-2.1786800655629714	-0.06037298693945387	1.5036213761191124	1.6548976041714412
-0.6577298977918596	-0.6906337201150162	0.0973069982793589	-2.1853881302502463	-0.053767118915741825	1.521960833367656	1.7169699531460016
-0.6932589871998135	-0.6762679809827283	0.10866167170177034	-2.192405574491219	-0.04713612801051868	1.5414399881786718	1.7768467011853126
-0.7264618059588634	-0.6613635756656518	0.11875984813450122	-2.1999429212383292	-0.0404883066326088	1.5619191204264895	1.834504218341929
-0.7571840626911307	-0.6456902516192587	0.1274076671419992	-2.207803577986149	-0.03372537705089406	1.583483666361891	1.8897341318560574
-0.7854239484200557	-0.6293263366510925	0.13452763438324294	-2.216127999746427	-0.026932393311170522	1.6061501852418336	1.9424577706967703
-0.811008184316544	-0.6123937363371577	0.1401000139171763	-2.2248063040223833	-0.020076698010041954	1.6299269676505381	1.9926817156791838
-0.8340524063665893	-0.5947679488704668	0.143830696727987	-2.233923464176814	-0.013291659689832617	1.6547371574946925	2.040139888277751
-0.854154830880895	-0.576414600943788	0.14591984738451524	-2.2434602515255504	-0.006429057518456425	1.6807461197083335	2.0848988666342283
-0.8711387808614925	-0.5574886974716791	0.14639285406655725	-2.2533773160545407	0.0005105770764308184	1.7078498200146794	2.126794080554122
-0.8850526407869724	-0.5378419249091703	0.14503128205067498	-2.263782069620008	0.007427615537470076	1.7360058348085454	2.1656043519461137
-0.8959384987809565	-0.5175054497179684	0.14164899910159592	-2.274510582739199	0.014368961118847527	1.7653996768011582	2.2013823849682668
-0.9033652096205251	-0.4965275972949319	0.13610825856312064	-2.285763725261992	0.021341643038363806	1.795829068479714	2.233839575649989
-0.9074271201837882	-0.47484265684453697	0.128555585238212	-2.297334082212562	0.028285907652906044	1.8274754755605427	2.263292671425577
-0.9078750768704508	-0.45252963055079204	0.11896002673253041	-2.3094159048709373	0.03531390536082827	1.8602640691559067	2.289130612232043
-0.904929893052594	-0.4294804159570716	0.1068977025001279	-2.3219680113327814	0.04234273762605223	1.8941541363012588	2.3114319339676586
-0.8979912305907948	-0.4058157147699439	0.09266235686152903	-2.3348208116014746	0.0493548575122561	1.9292719515259598	2.3302576751586628
-0.8876008282899391	-0.381550455689449	0.07624191279014723	-2.348275794462886	0.05642865470515562	1.9653189159104782	2.3457422898086624
-0.8738694729479619	-0.3568561341425447	0.05815186365220501	-2.361749326050546	0.0634346412575888	2.002209188923195	2.3582526590941075
-0.8574586512240153	-0.33184221600132535	0.03836509772841714	-2.3757043477019963	0.07033816569814808	2.039587854631315	2.3674256331206367
-0.8385193569976556	-0.306727817359235	0.017240901276403108	-2.3895009595715457	0.07726273705195812	2.0773517861610937	2.3743206288932646
-0.817584606510871	-0.2815571843396005	-0.005065552934348393	-2.4036125555731425	0.08399700860196087	2.115205095653418	2.3787019024122773
-0.794925116036753	-0.2564851117137865	-0.028298808596487264	-2.4175464866441208	0.09065906073884555	2.1530509090895156	2.380886734679145
-0.7707230295340219	-0.23158249780583298	-0.05216547741553705	-2.4315007736556526	0.09718808946473384	2.1906715967929387	2.3813727652761933
-0.7452956138252712	-0.2069946164897908	-0.0765007949285011	-2.4452380516375527	0.10351756411053387	2.227862527937891	2.380363018740515
-0.7190034971332555	-0.1828638470551429	-0.10115557242474733	-2.458803150343074	0.10965199088271972	2.2645605476506003	2.377618558502794
-0.6920486611334493	-0.1592010939120196	-0.12588834974420526	-2.4721560606458426	0.1156706869257911	2.3005172007829766	2.373454282920439
-0.6646534185219017	-0.13610949733268074	-0.1505860706061616	-2.48513184418067	0.1214337975498044	2.3356656705875745	2.368145748235631
-0.6371168724181541	-0.1136258301832073	-0.175072091447999	-2.4978252219810475	0.1269585179175446	2.3698250322054606	2.3620495738504435
-0.6095979576067488	-0.09192399273571722	-0.19923236634660602	-2.5101055094946534	0.13236990916059777	2.4029658228051445	2.355082268336815
-0.5823944712022769	-0.07097385784680715	-0.22294521490529848	-2.521928942988579	0.1375382274049817	2.434885814381261	2.3473171250924882
-0.5555996109044536	-0.05086897333391545	-0.24602334649789967	-2.5333782801495524	0.142352061336334	2.4655713219689517	2.3394687037957005
-0.5294401004423578	-0.03173930892147416	-0.2684073076542792	-2.5441236537501557	0.1469244309474283	2.4949466188182687	2.330994118585827
-0.5039933673639057	-0.013454849688893204	-0.2900005043217115	-2.5546319401636803	0.15133769250033238	2.522803995569038	2.322450862905559
-0.47948636513011256	0.003803971076362055	-0.31063388570621303	-2.5642618826275965	0.1554880605315283	2.549309942268763	2.313783678031992
-0.4559234763999325	0.019986326364170727	-0.3302674173959329	-2.573576583241434	0.1593060956887058	2.574216008147312	2.3051629284562662
-0.4559234763999325	0.019986326364170727	-0.3302674173959329	-2.573576583241434	0.1593060956887058	2.574216008147312	2.3051629284562662
-0.4336344811303031	0.03529803526704583	-0.34894535425586265	-2.582255505433064	0.162912131847192	2.597559805773075	2.2967475274886233
-0.41248406466142395	0.0493879973615262	-0.3664766099310066	-2.5902010204281205	0.16617610469739053	2.619368337128859	2.288302489467231
-0.392462587170084	0.062490373142209454	-0.3826271000496673	-2.5977621525011987	0.16923910248879034	2.6394579967295244	2.2805345635198524
-0.37409249224052576	0.0745255663347082	-0.3978152069485637	-2.604629869955463	0.1720149727557039	2.6579769509699203	2.2728182283439726
-0.35702722425410044	0.08560895846185573	-0.4117912399215881	-2.6108494041843753	0.17461192045827187	2.674868939729509	2.2656584639893613
-0.3418023531413037	0.09512254511775983	-0.4240251903395641	-2.616329917488628	0.17682163608622384	2.6897296014879464	2.25919852671265
-0.327635950485648	0.10410833628635795	-0.4355228113235794	-2.6215102711861187	0.17885493153164908	2.703454862527208	2.2529471475534653
-0.3149374121193389	0.11212033351898076	-0.445795452034025	-2.626013794353668	0.1806719127064175	2.715700067021906	2.2472833398644902
-0.3037251033618302	0.1189602406072853	-0.4548376131898726	-2.629998142094089	0.18222805993482222	2.7263728570014476	2.2423485065579896
-0.2938004979346606	0.1249597363699596	-0.46255438726232095	-2.6333603330790543	0.18357434356504843	2.735651432630449	2.237847417519597
-0.2855281087539909	0.13010109555092111	-0.4694263187251298	-2.6362922533679507	0.18470683681762928	2.743450169373083	2.233965894484646
-0.2784662184346683	0.13431934388398345	-0.47503917163466924	-2.638720318456179	0.18564626797237704	2.7500293693033764	2.2305781079120695
-0.2725573140550111	0.1377460916366042	-0.4794960401100729	-2.6407122063479647	0.18639613462796373	2.7553915700470766	2.2278815936662055
-0.26794144751249227	0.14048686838867663	-0.4832104697648595	-2.642312850665696	0.1870143027161088	2.7596003198418644	2.2257134519969966
-0.2645182746739415	0.14261933280058184	-0.4860844524920033	-2.643485931082395	0.1874997013162374	2.762800289516333	2.2240416208292992
-0.2619276913620775	0.144140844109094	-0.4881224332330784	-2.6443874305121566	0.18785879383131307	2.765123180088535	2.222833423825319
-0.2601364240056676	0.14515984835158707	-0.489393698905843	-2.6449341213104773	0.1880764607761353	2.766663886967859	2.222000079866293
-0.25908478214372493	0.1457510149341261	-0.4902351332884258	-2.6453091142502148	0.1881921524131907	2.7675833582830047	2.2214783625320402
-0.25857231380821033	0.1461010049319255	-0.4906882864968832	-2.6455621077293547	0.18826372899843477	2.7680567800491858	2.2211656016954926
-0.25831294795765175	0.1462536169288713	-0.4908689562252606	-2.645594687165082	0.18829153108542088	2.7682060490524636	2.2211106341758113
