0.0008737208866441921	-0.000205732474246324	0.0008789103767976278	0.006385109229028221	0.00011601268610467408	-0.00025917088029136967	0.000723015121293104
0.00010690546601784284	8.715318061136868e-06	0.0010068857545601922	0.0008676850485039016	-5.117594294124612e-05	0.0003532796209899536	0.002684300552631028
0.0011164730059631	-0.0046698328230706096	0.0005016493529990019	-0.0010835044508502578	0.00015338868314202325	0.00011736593933828676	0.001274406242694981
0.009295931551487873	-0.0031932239224063954	-0.002702740880896915	0.002529599885682226	-7.478307823324474e-05	-0.0010020572825619395	-0.003066801518182528
0.02169849525169561	-0.006568154570228493	-0.01819226014195618	0.00029634926504758176	-0.0003166749016916146	-0.012750029486723729	-0.011747336724909723
0.03773908574623322	-0.0129987063834553	-0.027604644962796486	0.009314775170182525	-0.0007488939900523765	-0.015614616152714799	-0.003192458221973854
0.0644009763302611	-0.019060494854976198	-0.0518060961413857	0.013438699705156485	-0.0006138007993904607	-0.03180975895438498	-0.023702099108640236
0.08632753918146273	-0.027932667976199935	-0.0675760623844403	0.011996166060761846	-0.009911698672784016	-0.03516815471951706	-0.03644930226065823
0.11305246073323975	-0.03729723283747491	-0.09409456295113594	0.018234566709434352	-0.0011978631762049078	-0.053061928431463755	-0.022759026306583982
0.1506263597678852	-0.055044635482827155	-0.12014753639681934	0.024931108103065	-0.005382679132082455	-0.06963938288934902	-0.03930589092039191
0.17830243231056453	-0.0679978175447944	-0.14144023703496228	0.02851573356975845	-0.0070586377097223586	-0.0861452224932088	-0.05182406295737152
0.227385003660108	-0.07877206076936616	-0.1747153770709142	0.04290874728381268	-0.004549379058758696	-0.10833182265981439	-0.061060355774590666
0.26029542753518986	-0.0934641730132904	-0.21836720308691537	0.04919799987792402	-0.004218353263751315	-0.12305097161232617	-0.0804497224758765
0.30579333564123634	-0.11286044426952158	-0.241794990015494	0.05849762269795444	-0.015223579065218571	-0.15324590769278695	-0.08445603931800291
0.3656845253762947	-0.12766134172120105	-0.279142671439598	0.058466820023480755	-0.0032531249152556673	-0.1651397035679658	-0.0908316730146279
0.3904225733742576	-0.14580905146997622	-0.31984282636935163	0.06889620523415937	-0.008483266299002546	-0.2019784895913381	-0.10922684926257147
0.4428957187119382	-0.16455966484900675	-0.3490777985153626	0.08073480759631255	-0.014056032277555268	-0.22685445457324555	-0.11102395020879559
0.49241265259313494	-0.1807348956281159	-0.3993010532385381	0.09318158116285086	-0.012144967199903834	-0.24818009946249267	-0.12443135092579609
0.5340347515393974	-0.21572323139342917	-0.44038823994831405	0.09977674578627559	-0.010645264644463335	-0.2663691542165129	-0.13440319037866097
0.5952945191754206	-0.23261203052408416	-0.4728504099689905	0.10281269818483918	-0.02057664576784755	-0.2906995096181101	-0.14023652632516515
0.6423939502073754	-0.2395668494027879	-0.5117874269830613	0.11327639897356602	-0.020010798890791624	-0.329119737901446	-0.15301593272295272
0.6899572734645233	-0.26758593339445463	-0.55637558375421	0.1324526412528227	-0.024305389550919102	-0.3596138746611711	-0.15957302142353524
0.7457428601897707	-0.29661484711141983	-0.60218715548322	0.1381590045351768	-0.024745794887837805	-0.37833015469931364	-0.17154070539673794
0.7881073739823146	-0.30709899951424563	-0.6436401750993115	0.1465359114655534	-0.018950229380461755	-0.4100193209789144	-0.16051147366390794
0.8503014588699349	-0.33659189900662817	-0.6709389683978724	0.15674634938305954	-0.025511875549221026	-0.44992762579627243	-0.17781612330139018
0.9127101866023619	-0.3569152932152391	-0.7139970398633393	0.1701698333274801	-0.025367424742579192	-0.4693332814002883	-0.17248437876291584
0.9339042943177138	-0.37874118037234533	-0.7438684504850742	0.1874252582573489	-0.029813190656281966	-0.4915262217567161	-0.16589137483379532
0.9765473721840434	-0.40562930432891237	-0.7943256079331015	0.19208948129780487	-0.026256982997852684	-0.5237130636405767	-0.17966025925647744
1.0474697387840377	-0.4274079756768689	-0.8558391408813021	0.1999702762865952	-0.032644813118889296	-0.5559364005104895	-0.17506725429766976
1.0652815494681267	-0.43998920916794654	-0.8717930946850104	0.20334387074661628	-0.022806193143503465	-0.5699381400181107	-0.1646989011631338
1.0922132227574135	-0.47694054654996776	-0.9181880278845402	0.2258561825354973	-0.021426393042903592	-0.6299783250483478	-0.1663527760761152
1.1442193665087377	-0.4725731197836318	-0.933860551976023	0.23101151259880837	-0.026935599066359586	-0.6272126034205102	-0.1608692758735765
1.147825296612361	-0.500923033691308	-0.9727504615669881	0.23632074181990534	-0.02933768228637896	-0.6563055575298147	-0.1532407716212505
1.216099060424944	-0.5172734805753663	-0.9838200792219987	0.25060843037549896	-0.025030113696104292	-0.6864662851978991	-0.1322972025202901
1.1911893693924995	-0.5337213302458061	-1.030406821011735	0.26591548192675135	-0.029653758185999433	-0.7070471373199652	-0.11668004795065573
1.2378773744230884	-0.5517306341397823	-1.0412724386875907	0.27519982156292266	-0.03182741069450864	-0.7295567294616178	-0.09829680570364815
1.263808792809421	-0.5703585932423921	-1.0434694236621673	0.27576770965877756	-0.02943249892793699	-0.759458837549973	-0.0797682624152772
1.2389671281053953	-0.5760697497110668	-1.090485756581659	0.283381325277218	-0.03735733049626583	-0.7861685146489376	-0.049748608345021435
1.2773438276952516	-0.5974687256748156	-1.0758405030591247	0.2937648136564081	-0.025539867284309375	-0.7930847010267625	-0.03016164853455176
1.244979578031437	-0.6066484855137317	-1.11114530099513	0.2992563696718456	-0.0235555249774989	-0.8169843952218364	-0.005020933419855484
1.2491033548050736	-0.6151059282226393	-1.10788834791317	0.3009911639672563	-0.019130939603240065	-0.8273537336146314	0.020351883554337084
1.2491033548050736	-0.6151059282226393	-1.10788834791317	0.3009911639672563	-0.019130939603240065	-0.8273537336146314	0.020351883554337084
1.2449860549799072	-0.6286134142222083	-1.112484451452149	0.3067841278350368	-0.02005125441130904	-0.8350438610363463	0.06622884660639027
1.1974478961819166	-0.635159931901258	-1.1132379960831582	0.31040589754416714	-0.022353823730610265	-0.8566934540597859	0.11405762562921393
1.2076725824873276	-0.654940570732249	-1.089634318975227	0.30933102974954285	-0.020424447550556855	-0.8629162700330928	0.1516494475949813
1.156549491120413	-0.6499126098337024	-1.0902005226242	0.32340230677559123	-0.0245709801891044	-0.8774559287879419	0.19668182922519106
1.1428246731368283	-0.6567431543813118	-1.0583225893850121	0.3170117675880044	-0.01876420875932677	-0.8639173495315763	0.27779619255668037
1.0643891508888237	-0.6506423690137272	-1.0544105471499974	0.31860171304525503	-0.018399760723669917	-0.889754732357515	0.30070029018315825
1.0395281549603517	-0.6595103276072787	-1.0047647124370802	0.3134241336161786	-0.013318317302522815	-0.8867718862244492	0.38655389816547114
0.9665015896316485	-0.6374868325890127	-0.9865039917768006	0.31833062675103857	-0.011301462851261013	-0.8864479337731829	0.4460435808506809
0.8918124440901772	-0.6447096430356342	-0.9577504539169484	0.3239567502568089	-0.002485797539616305	-0.8707112842718606	0.4997707919134183
0.7860748719682735	-0.6340478961974562	-0.9021505905346382	0.3095452337171925	-0.007362807333292633	-0.880297566892069	0.5611900137661489
0.7324150830842566	-0.636322319999717	-0.8499078634967941	0.33318806310585536	-8.768338188713401e-05	-0.8591894907315926	0.652802747385424
0.6365125514853449	-0.6237860407848357	-0.7929321196803205	0.31604357484679	0.001885593958881108	-0.8691969016384608	0.7390442344731927
0.5316677518687186	-0.5946490627511474	-0.7444764020292693	0.3127527521122471	0.013034054869534812	-0.8249169276302245	0.8403860240431663
0.4348050120620218	-0.580378844682863	-0.6438811099120904	0.303753333782855	0.014943099009740004	-0.810420871917948	0.9197370074351775
0.2966564483341073	-0.5730136373034338	-0.5821653362437005	0.291608537538215	0.02069886630306408	-0.7955430614542449	1.0378320111746808
0.20559898565706394	-0.5515623883842024	-0.5035323801161836	0.28988987146041834	0.0283173772315074	-0.7958417326415276	1.1261793538647378
0.08606781721048493	-0.540003111598427	-0.42815430379350117	0.26993361428841667	0.029133921565046624	-0.7711600205388381	1.1977730179839974
-0.025900686955435747	-0.5158303665653995	-0.36550710421565874	0.27056478451394983	0.03274441023449974	-0.7293017460430629	1.3074489427819553
-0.12357222081611902	-0.506438418278606	-0.2997573601694216	0.2720624814588632	0.04016490761034401	-0.718339485141621	1.36601523063555
-0.23005475898190486	-0.4801381987275543	-0.231463578887617	0.2515078266352506	0.05351369043130051	-0.7062226122615148	1.4490698252688843
-0.3271215165737463	-0.4539298602081404	-0.17695804143992339	0.25021369284044714	0.048767274370861854	-0.675792522794055	1.5202442107853356
-0.4102212889978302	-0.445584053378366	-0.11439727679969165	0.2437026674692369	0.062132354324122084	-0.6571249079498015	1.6029204969014217
-0.5193704728080415	-0.42180112513336476	-0.05907066965393047	0.2331304931840829	0.05542675816117991	-0.6230596833245755	1.6678271401986717
-0.5798644133146769	-0.4156279180970424	-0.0006477726776295996	0.22459731539130767	0.07194847591739023	-0.618675124337587	1.7559242641493467
-0.664848793371163	-0.38967030384164614	0.053499701428366984	0.21209059146311393	0.07786276282325996	-0.5824853431369204	1.8094296627685387
-0.746928522673577	-0.38199861143213615	0.10207725722648085	0.20968906522664327	0.0735483571028899	-0.5579757527060342	1.859293736984848
-0.8286489936841304	-0.3519973067948649	0.15450411488061974	0.20098403472137127	0.08911477276768086	-0.5424410250803509	1.8933212551163667
-0.881810905236819	-0.33366630577598816	0.20884624686022943	0.1891827895567317	0.08521841455009793	-0.5213087336759146	1.97047745566497
-0.9878974941939853	-0.3183139739858421	0.23711204535953387	0.18163692031593803	0.07864184441969232	-0.48218181869582	2.040792858576819
-1.0541972361796283	-0.30570895083107913	0.2807110853289057	0.16564731795463933	0.08823933200913842	-0.48729450346177644	2.086262193487583
-1.1044291132517183	-0.2824517467193711	0.33109102994311307	0.17282370327617236	0.08919958903209932	-0.4598784365692788	2.1254445594405587
-1.1823758566246028	-0.26517411615417097	0.3645665071147132	0.15673794186925533	0.09360913823366708	-0.44173972580950316	2.179673131246442
-1.2059372703578524	-0.24378377037810525	0.40954693296406325	0.15575365009430614	0.1061311690594483	-0.404813863474009	2.2241823964807685
-1.2948483097339616	-0.23310623565441757	0.43168112754842636	0.1470498398124799	0.10697688117882896	-0.3822559955159147	2.2701429260390404
-1.34161875300258	-0.20805735737990852	0.449934069558097	0.13243952290137848	0.1113570729189807	-0.36284782321565395	2.3053760043278286
-1.3620330070083817	-0.19770763996615107	0.5033915748409196	0.12470762178931319	0.113439192267167	-0.3269913715768681	2.3350690560714282
-1.4122919808652348	-0.17763263909115398	0.5469992513264367	0.12000187402766249	0.12538814500110007	-0.30385805338261673	2.388834308833343
-1.4671452853676168	-0.15199084291521528	0.5560103425446812	0.10836614696401001	0.12036458782809362	-0.2852911891186397	2.407882206179851
-1.485632952279719	-0.13197143950534052	0.5634080154706357	0.1028712294600302	0.12201981217713413	-0.26956054289467446	2.3888667357169773
-1.5190255379311666	-0.12350352662842602	0.5891793483933675	0.08710890260711242	0.14104834919188705	-0.23659632489658564	2.41840290273402
-1.5431714268438705	-0.10641930737688081	0.6159212655811743	0.08222474031897037	0.13090495036146493	-0.2134732140424189	2.4798025492600466
-1.6003912035145933	-0.08192104860640263	0.6284872566483138	0.07320563852998195	0.13342985897875434	-0.1857152402945877	2.4571359615577
-1.5847409849741076	-0.06727719411981785	0.6492100008720347	0.0587289834497533	0.13494422856795485	-0.1579587635409187	2.4959073865157047
-1.6167374255685936	-0.04072849967604966	0.6711243020355625	0.053703044562413885	0.13489529772818257	-0.1384590982902359	2.413792120160357
-1.6604479517801036	-0.024682285008606388	0.691530211456364	0.039219487185143675	0.14188504168420354	-0.11096730337824504	2.4850765794528247
-1.6406247900929645	-0.010578632078188842	0.6979427623630463	0.03748002058869581	0.1484478109416427	-0.08290254272193547	2.46491321923116
-1.6469703987357427	0.0036262498531279257	0.6952890719881667	0.02561516338219747	0.14417378566363456	-0.05443612683258869	2.501179220315064
-1.6856921728096794	0.018569689830263948	0.6789717009520954	0.013614721463532615	0.14153783747144694	-0.027947500036528166	2.502121582712574
-1.6719834192721617	0.039761379911764004	0.6856942476591212	0.009022878348133678	0.14651927071902882	-0.004879398877961355	2.449598673992224
-1.6528551543537122	0.06292783747951539	0.708169398923213	-0.0053083827241751725	0.16131081789152676	0.021926032526989592	2.5222416063400837
-1.7061380923963494	0.0820038034460628	0.7117159280814441	-0.019934871978652683	0.16743574270317144	0.04135952175716215	2.4928927005722024
-1.6382788088705058	0.10057061217070232	0.7032163456139319	-0.025780688674212675	0.15476842228921894	0.07678849790920876	2.488228085226633
-1.6382788088705058	0.10057061217070232	0.7032163456139319	-0.025780688674212675	0.15476842228921894	0.07678849790920876	2.488228085226633
-1.6842936782712332	0.12137631287357083	0.6822600483521367	-0.038811146782516036	0.16817367862371183	0.10914094911291129	2.4278493022455483
-1.6237659232353283	0.1359549641132081	0.6560658239384585	-0.04176497589204577	0.15935260768498838	0.12967532154880168	2.3864101473996007
-1.6079916838316952	0.16200259899605723	0.6526935692171174	-0.04590390124116124	0.16835068966659086	0.1581602150517275	2.417908137852663
-1.5893955700983078	0.17998015353729394	0.6530064042084998	-0.0712279056332051	0.17012995975143924	0.20079053188930432	2.3399833842176556
-1.5681006090626184	0.2015975369457475	0.6386092138854076	-0.07650726953244505	0.1788422040990522	0.2238042694672401	2.3163141251461106
-1.551179503240573	0.2204926305039891	0.6339042792293152	-0.09693638987354715	0.17850382006632537	0.2510013380808705	2.2918371510964075
-1.4948057008728253	0.2367625031364185	0.608843109461606	-0.10011201089375177	0.18291438666793183	0.2722649766440714	2.229486055261738
-1.469939109477293	0.2512794531035864	0.5804251999792627	-0.10674435834249127	0.18603770640616435	0.3011732504493041	2.196873230640052
-1.446593908733459	0.27427701085236006	0.5511238198490311	-0.1111714371604684	0.18071060102105163	0.3308223635436058	2.167173471378919
-1.3932424504065921	0.2989726242932219	0.5324594122352331	-0.126213834434227	0.18035037832473566	0.3631652958989331	2.1089331107006837
-1.3600689131509458	0.3053689297387118	0.5371353671693981	-0.152333741328234	0.1916371833275432	0.40309030568573967	2.054350586057831
-1.2680377566869947	0.32522693920793494	0.5007588992721956	-0.15182805057579055	0.18434307686576365	0.4314274990595048	2.02509972666043
-1.259914197638743	0.3511289437306583	0.448616098057639	-0.16939108545805853	0.19355807690604213	0.4540789923354676	1.9577421614169481
-1.192492630653516	0.3698316731073872	0.4446385919820435	-0.17195176877664756	0.20091672399115743	0.484316218784936	1.9007425512449718
-1.1414268257635531	0.39067823135756324	0.3906896475335524	-0.1897007452175223	0.20091392016021692	0.5168415289461534	1.8549463967253506
-1.066420273823329	0.4036789153738969	0.3618327430337773	-0.20127144419088042	0.20157011637407715	0.5462326658549096	1.8111470122820439
-1.0290867905205416	0.4251506607546511	0.31296056786639426	-0.2091196916800136	0.19933468029218374	0.5918786169883272	1.7424450071912276
-0.9468650443191218	0.44617538781457394	0.27649447277504224	-0.23276038604226842	0.19244602060497729	0.6198678693464499	1.6630132560492918
-0.8730213540782102	0.4678069770127402	0.2348245429703683	-0.2393787198058643	0.20539955372519855	0.6527346818437131	1.60047969225078
-0.7829868642284296	0.4964252747592005	0.19539433187984198	-0.24023140916763097	0.2111105076348243	0.6782546241732111	1.5362170388682144
-0.7223104066969868	0.5038941592807272	0.14926354530506328	-0.25878337247546646	0.20499717173563003	0.7130549896364672	1.440620749927695
-0.6242369746879618	0.5210145059869985	0.0956670218665364	-0.2689489308882101	0.20860522826903466	0.7533604386711835	1.367658974919181
-0.5535264170346134	0.544272219944962	0.04259187895963918	-0.28252280383586564	0.20369542407156238	0.7775420646954829	1.2924719810665795
-0.47222313599172216	0.56195736009501	-0.00968623202169135	-0.30187550389413403	0.20125556926537613	0.8084294416112728	1.1907286004980766
-0.3610624898708281	0.5813839035490144	-0.0611456118530803	-0.3103182462947988	0.20403352744452968	0.8419056028170804	1.112956298569234
-0.27461658261384614	0.6027327479564799	-0.12873089616424704	-0.31608486176035083	0.20411829850512458	0.8688280272524318	1.023640467702482
-0.1798561211262081	0.625306678164983	-0.18822548062882355	-0.3336077997996737	0.19787118409604432	0.902217343376822	0.8863809459308863
-0.06942488548502035	0.6431395965254407	-0.24205202004174758	-0.3475316655046633	0.19550471144489534	0.9354299956139206	0.8229837336863672
0.027975562539421742	0.6765622939790666	-0.30601594492810075	-0.3660319893100723	0.20529002093591134	0.9712038402340576	0.6931072015005023
0.1356263371446525	0.6933803057610779	-0.3831977850338943	-0.36684922527816755	0.2019092833323872	1.0112646189185788	0.6080419314787121
0.24873332314316404	0.7072823634100199	-0.437837777658403	-0.37634167166550236	0.20366137126491962	1.038149735599207	0.497642152170438
0.3456763912847047	0.7037203428242892	-0.4997620127356653	-0.39363122863810285	0.20987783124891776	1.0619895647573914	0.40178102830306356
0.43682971144002	0.7220000387567171	-0.5505441111879832	-0.4073547173999508	0.20373251388395724	1.0788872567358698	0.3219545652380202
0.5096535322241097	0.7336012794783958	-0.6014898175831906	-0.4060657952835537	0.2004089457312262	1.0953349338653542	0.24872852707942045
0.5748896001650029	0.7351237445549194	-0.6418832027700583	-0.4108806387186965	0.2085244638247066	1.1016199400509425	0.16497848912001012
0.6613200684767055	0.7319523810074401	-0.6640642023076394	-0.3961941543512871	0.19609392050355523	1.1106214722224734	0.09128926301295782
0.6962781003178149	0.7326017919417718	-0.6839130643135479	-0.40740040403105926	0.1964255555805506	1.1198091808814097	0.04517375356205396
0.7216781952205006	0.7267041276674304	-0.6961166973471998	-0.4025894987458653	0.19101116148502723	1.0973563924681804	0.002455593287551075
0.7516299243297939	0.7218638906930175	-0.7198640617754698	-0.40820933449155794	0.18401866441509987	1.0797759691556148	-0.064510007255509
0.7682845022816865	0.7060934212168927	-0.7272851620705783	-0.38525830335285766	0.17757616621202904	1.062076918996744	-0.10155826471828139
0.7798303875053513	0.6866696675754224	-0.7179645083951901	-0.3939122432448379	0.1679798308794064	1.0549641506771037	-0.14069538018972708
0.8194040737841553	0.6638687538879874	-0.7174009582023732	-0.36782675960142974	0.1677117079020636	1.0157648010684357	-0.1707273422413926
0.7855782155767044	0.6442601896383551	-0.7192304281487364	-0.3702486367386581	0.15285825380783846	0.9905767809402369	-0.19074065539367505
0.8204844808471194	0.6240917280106907	-0.6864151210771118	-0.3480765918811199	0.1555400063021081	0.9651717786729374	-0.22474786911927247
0.7926116634415468	0.6010144748136331	-0.6852965292956322	-0.3489072878752192	0.1461025596436785	0.9084121102141124	-0.23463944855438285
0.7948552782140397	0.5840202926062542	-0.6543240529053008	-0.3287894545878193	0.13476322718970188	0.8821694538058049	-0.2442608798935653
0.7599247579995574	0.5455713492826126	-0.6347346597040947	-0.317316150535605	0.13579083510711426	0.847259061895211	-0.2551583765840522
0.7368778499709068	0.5204337698314753	-0.6257254969402081	-0.2983755868748841	0.12159080458486042	0.7953709436929628	-0.24207098018467718
0.7062039670907806	0.49641299577948683	-0.5892064613065174	-0.28262924875495343	0.12252581581546527	0.7452363669609843	-0.2679582022852745
0.6897363757507377	0.4538536521899593	-0.5630045296150765	-0.2744131756049015	0.10841757677694366	0.7150751611221927	-0.24594999232246037
0.6897363757507377	0.4538536521899593	-0.5630045296150765	-0.2744131756049015	0.10841757677694366	0.7150751611221927	-0.24594999232246037
0.6515063037102582	0.43347263057358276	-0.5260130365589714	-0.24303736360107425	0.10348662166068007	0.6639637127399657	-0.2553099782136954
0.6086618839173475	0.40099412876676555	-0.49425956101772023	-0.22680998272788216	0.09603742197615106	0.6169215979277091	-0.23406450337850526
0.5601430341024705	0.36653258278173684	-0.46647883697076437	-0.20366507569675282	0.08777614534360197	0.5741615766677465	-0.2194529490933438
0.53494955112199	0.33678265948668473	-0.4253402849539051	-0.1971845052754946	0.07408984902721037	0.5240120906513647	-0.2190204136369551
0.4870299652274725	0.30630207877685833	-0.4011779831031416	-0.1733198687449984	0.07282570101632016	0.4826533697745141	-0.1991762526408189
0.4349379762212267	0.2808625003671882	-0.3590335642399689	-0.15636103923740313	0.055255611129069224	0.4271223016415755	-0.1935541643169676
0.3890841367823252	0.2551328055925732	-0.3153298319421167	-0.13987732478205053	0.05803450216208402	0.379656316527828	-0.17717452709552256
0.35183585985970256	0.21629644786033678	-0.28804225296501984	-0.1241979983076867	0.05543809814642478	0.34328541800166945	-0.15145940649441636
0.3104789268807396	0.19345448513007257	-0.24522090360405596	-0.10393670887452847	0.048073875789687845	0.2958189042180163	-0.13077503266808535
0.269273481176471	0.16621473403568227	-0.2140100496086172	-0.09545158410511823	0.032725397787075075	0.24892489189021452	-0.12227549110114987
0.22110619456368255	0.1412936886964352	-0.18947410792115812	-0.07336321079055075	0.03089850655207369	0.21738200050933504	-0.10493680541454574
0.18945529425763952	0.1093833699171789	-0.1435088258748073	-0.059700631780526627	0.021457289369301885	0.17204033051703246	-0.0923889744539789
0.15855891140694198	0.0907493748761806	-0.1172280605890323	-0.0477161849209585	0.01957945915600383	0.14304294194696157	-0.0759334093996118
0.12017217183681507	0.0715701850847424	-0.09741140382326277	-0.0417561531361738	0.013075313546389728	0.0999738761310646	-0.06019087818324552
0.08577580688079921	0.05470384084191069	-0.07253496380707422	-0.026273057696027478	0.008429366400626883	0.07664885585370149	-0.03943539449449782
0.0656294322734239	0.037372535213522934	-0.04613499205335104	-0.02228804747439173	0.008753898913744944	0.059849225004412636	-0.033117473707243786
0.041326935328082105	0.024750643117818206	-0.037216518155178235	-0.016589959114280718	0.004094628618188389	0.04164401786189905	-0.014396751701986142
0.020993471214930552	0.014819637072570814	-0.01725770131386439	-0.009729473374348154	0.0038393611735943784	0.01469604433431572	-0.011903554887076758
0.013600813222284762	0.012521782854523449	-0.014835586360320178	-0.005197019095065731	0.004503646749979574	0.012528605918154532	-0.012434455392164957
0.0043660528303812165	0.0002343795982390724	-0.0003528453750865538	0.0011904543739963199	0.0001595378421038465	0.004195974565571524	-0.0021741952746135813
