0.0018742084503173828
0.03519010543823242
0.06860756874084473
0.1019284725189209
0.13527274131774902
0.16856145858764648
0.20191717147827148
0.23525738716125488
0.2685730457305908
0.3019242286682129
0.33531880378723145
0.36864566802978516
0.40192127227783203
0.4352688789367676
0.468585729598999
0.5019214153289795
0.5352833271026611
0.5685749053955078
0.6019444465637207
0.6353113651275635
0.6686134338378906
0.7018146514892578
0.7352755069732666
0.7685546875
0.8019328117370605
0.8352823257446289
0.8686130046844482
0.9019336700439453
0.9352149963378906
0.9684600830078125
1.001952886581421
1.0352811813354492
1.0686004161834717
1.1019318103790283
1.1352672576904297
1.1684355735778809
1.2019124031066895
1.2352993488311768
1.268589973449707
1.3019084930419922
1.335197925567627
1.3686504364013672
1.4019348621368408
1.4352970123291016
1.4686081409454346
1.5019550323486328
1.535269021987915
1.568633794784546
1.6019387245178223
1.635268211364746
1.668628215789795
1.702042579650879
1.7352678775787354
1.7686152458190918
1.8019440174102783
1.8353636264801025
1.8685908317565918
1.901923656463623
1.9353671073913574
1.9684638977050781
2.001810073852539
2.035259962081909
2.0685975551605225
2.101949691772461
2.135277271270752
2.168612480163574
2.201957941055298
2.235271692276001
2.2686259746551514
2.30181884765625
2.3353025913238525
2.3685967922210693
2.4019455909729004
2.435290575027466
2.4686028957366943
2.5018045902252197
2.535269021987915
2.5686047077178955
2.6019110679626465
2.6353137493133545
2.6686267852783203
2.701962471008301
2.7352898120880127
2.768603801727295
2.8019189834594727
2.8352746963500977
2.868659019470215
2.901923894882202
2.9353272914886475
2.96860671043396
3.0019047260284424
3.035294532775879
3.0685911178588867
3.1019175052642822
3.1353211402893066
3.1686160564422607
3.2019405364990234
3.23528790473938
3.2686357498168945
3.3019540309906006
3.335268497467041
3.3685803413391113
3.4019274711608887
3.4352989196777344
3.468628168106079
3.5019476413726807
3.5352859497070312
3.568585157394409
3.601923704147339
3.6352651119232178
3.6685657501220703
3.701949119567871
3.735285997390747
3.768627166748047
3.8019461631774902
3.835277795791626
3.868652582168579
3.9019668102264404
3.9352691173553467
3.968592405319214
4.0019166469573975
4.03525447845459
4.068619251251221
4.101940631866455
4.13528037071228
4.168595314025879
4.2019429206848145
4.235279321670532
4.268612384796143
4.302010774612427
4.335173845291138
4.368528842926025
4.40196418762207
4.4352922439575195
4.468587875366211
4.501934289932251
4.5352842807769775
4.568636417388916
4.601956844329834
4.635326385498047
4.668629884719849
4.701935291290283
4.735266923904419
4.7685675621032715
4.801921844482422
4.835281133651733
4.8686065673828125
4.901943683624268
4.935286521911621
4.968630075454712
5.001940488815308
5.035295009613037
5.06859564781189
5.101939678192139
5.1353583335876465
5.1686224937438965
5.20182204246521
5.2353246212005615
5.268599033355713
5.301907300949097
5.335267782211304
5.368613004684448
5.401832342147827
5.435286521911621
5.468606948852539
5.501942873001099
