0.34331995248794556	-19.232492446899414	2.6313445568084717	12.802249908447266	-0.4580579400062561	1.262568712234497	-0.5225071907043457
0.37902551889419556	-19.232492446899414	2.6313445568084717	12.762577056884766	-0.4580579400062561	1.243342638015747	-0.5627903938293457
0.49407678842544556	-19.268198013305664	2.6313445568084717	12.837955474853516	-0.4580579400062561	1.243342638015747	-0.5627903938293457
0.37902551889419556	-19.573678970336914	2.1711394786834717	12.988712310791016	-0.4580579400062561	1.243342638015747	-0.5527195930480957
0.5337496399879456	-19.910898208618164	2.4012420177459717	13.064090728759766	-0.4846082329750061	1.223201036453247	-0.5930027961730957
0.5694552063941956	-19.649057388305664	2.3258635997772217	12.837955474853516	-0.5193982720375061	1.173762559890747	-0.6442723274230957
0.6845064759254456	-19.910898208618164	2.4766204357147217	12.988712310791016	-0.5377088189125061	1.223201036453247	-0.6241307258605957
0.37902551889419556	-20.101327896118164	2.1354339122772217	13.139469146728516	-0.5377088189125061	1.223201036453247	-0.5527195930480957
0.7598848938941956	-20.176706314086914	2.5162932872772217	13.175174713134766	-0.5633435845375061	1.223201036453247	-0.7046971321105957
0.6091280579566956	-20.291757583618164	2.4012420177459717	13.139469146728516	-0.6082044243812561	1.193904161453247	-0.7046971321105957
0.30364710092544556	-20.517892837524414	2.0203826427459717	13.401309967041016	-0.5724988579750061	1.203974962234497	-0.6241307258605957
0.26794153451919556	-20.442514419555664	1.8656585216522217	13.361637115478516	-0.5898938775062561	1.243342638015747	-0.5627903938293457
0.8352633118629456	-20.823373794555664	2.4766204357147217	13.401309967041016	-0.6255994439125061	1.253413438796997	-0.5527195930480957
1.1010713577270508	-20.859079360961914	2.6313445568084717	13.476688385009766	-0.6082044243812561	1.302851915359497	-0.4721531569957733
-0.11291784048080444	-21.009836196899414	1.5601775646209717	13.698856353759766	-0.5633435845375061	1.203974962234497	-0.5930027961730957
0.6091280579566956	-20.934457778930664	2.0203826427459717	13.698856353759766	-0.5633435845375061	1.272639513015747	-0.4108128249645233
0.8749361634254456	-21.275644302368164	1.8656585216522217	13.849613189697266	-0.5459485650062561	1.262568712234497	-0.5225071907043457
0.5337496399879456	-21.882638931274414	1.9053313732147217	14.111454010009766	-0.5816541314125061	1.322077989578247	-0.4721531569957733
0.8352633118629456	-21.390695571899414	1.7902801036834717	14.262210845947266	-0.5633435845375061	1.262568712234497	-0.5325779914855957
0.07751184701919556	-21.315317153930664	1.3340423107147217	14.036075592041016	-0.4315076470375061	1.223201036453247	-0.3806004226207733
-0.03753942251205444	-22.374582290649414	1.0642669200897217	14.750186920166016	-0.3784070611000061	1.312007188796997	-0.4620823562145233
0.7598848938941956	-22.414255142211914	1.4490935802459717	14.750186920166016	-0.5020032525062561	1.332148790359497	-0.4822239577770233
0.9106417298316956	-21.731882095336914	1.4094207286834717	14.674808502197266	-0.4754529595375061	1.272639513015747	-0.3906712234020233
0.26794153451919556	-22.449960708618164	0.9135100841522217	15.234195709228516	-0.3610120415687561	1.381587266921997	-0.4410252273082733
-0.11291784048080444	-23.056955337524414	0.22716975212097168	15.273868560791016	-0.3161512017250061	1.302851915359497	-0.4007420241832733
-0.15259069204330444	-22.338876724243164	-0.0029327869415283203	15.646793365478516	-0.2813611626625061	1.322077989578247	-0.5023655891418457
-0.15259069204330444	-23.096628189086914	-0.15368962287902832	15.948307037353516	-0.2456555813550949	1.203974962234497	-0.3806004226207733
0.34331995248794556	-22.489633560180664	0.18749690055847168	15.611087799072266	-0.3161512017250061	1.193904161453247	-0.3604588210582733
-0.03753942251205444	-22.981576919555664	0.18749690055847168	16.769535064697266	-0.1486096829175949	1.391658067703247	-0.3806004226207733
-0.22796911001205444	-23.358469009399414	-1.0701324939727783	16.547367095947266	-0.1925549954175949	1.292781114578247	-0.4510960280895233
1.0256929397583008	-22.866525650024414	0.3025481700897217	16.694156646728516	-0.2639661431312561	1.470393419265747	-0.3806004226207733
0.03783899545669556	-22.906198501586914	-0.5742218494415283	17.071048736572266	-0.12205938994884491	1.253413438796997	-0.3906712234020233
0.37902551889419556	-22.676095962524414	-0.11798405647277832	17.257511138916016	-0.07811407744884491	1.243342638015747	-0.4208836257457733
-0.8746365904808044	-23.132333755493164	-1.7167999744415283	17.931949615478516	-0.12205938994884491	1.292781114578247	-0.5426487922668457
0.15289026498794556	-22.259531021118164	-0.3441193103790283	17.408267974853516	-0.06071905791759491	1.183833360671997	-0.4510960280895233
-0.34302037954330444	-22.033395767211914	-1.1455109119415283	17.705814361572266	-0.09550909698009491	1.223201036453247	-0.5527195930480957
-0.37872594594955444	-22.033395767211914	-1.3002350330352783	18.531009674072266	-0.09550909698009491	1.272639513015747	-0.5124363899230957
0.26794153451919556	-21.426401138305664	-0.7646515369415283	18.606388092041016	0.04548211395740509	1.233271837234497	-0.4620823562145233
-1.2554960250854492	-20.859079360961914	-1.9072296619415283	18.792850494384766	-0.07811407744884491	1.243342638015747	-0.3906712234020233
-0.03753942251205444	-20.176706314086914	-0.11798405647277832	18.495304107666016	-0.1669202297925949	1.332148790359497	-0.4108128249645233
-0.41839879751205444	-19.910898208618164	-0.6892731189727783	19.578372955322266	-0.1312146633863449	1.223201036453247	0.045119788497686386
-0.41839879751205444	-19.910898208618164	-0.6892731189727783	19.578372955322266	-0.1312146633863449	1.223201036453247	0.045119788497686386
-1.1404447555541992	-19.307870864868164	-0.8400299549102783	19.542667388916016	-0.1403699368238449	1.193904161453247	0.14674332737922668
0.03783899545669556	-18.474740982055664	0.3422210216522217	18.943607330322266	-0.06071905791759491	1.163691759109497	0.10646012425422668
-1.8624906539916992	-17.677316665649414	-1.1455109119415283	19.467288970947266	0.009776546619832516	1.134394884109497	0.23829606175422668
-0.15259069204330444	-17.109994888305664	0.8381316661834717	19.094364166259766	0.04548211395740509	1.114253282546997	0.19709733128547668
-1.7474393844604492	-15.971384048461914	-0.3441193103790283	19.840213775634766	-0.06895880401134491	1.095027208328247	0.21723893284797668
0.15289026498794556	-14.951791763305664	1.4847991466522217	19.915592193603516	-0.2017102688550949	1.312007188796997	0.20716813206672668
-1.7077665328979492	-14.194040298461914	0.6834075450897217	19.915592193603516	-0.10466437041759491	1.203974962234497	0.09638932347297668
-0.6088284850120544	-13.547372817993164	1.5998504161834717	19.804508209228516	-0.04332403838634491	1.203974962234497	0.16688492894172668
-0.11291784048080444	-12.186594009399414	3.0875823497772217	19.391910552978516	-0.09550909698009491	1.055659532546997	0.13667252659797668
0.03783899545669556	-11.539926528930664	3.3533904552459717	19.618045806884766	0.0015368005260825157	1.253413438796997	0.13667252659797668
-0.22796911001205444	-10.556039810180664	3.9643523693084717	19.205448150634766	0.10682244598865509	1.233271837234497	0.12660172581672668
-0.26764196157455444	-9.647531509399414	4.916501045227051	19.729129791259766	0.1864733248949051	1.272639513015747	0.13667252659797668
-0.26764196157455444	-9.532480239868164	5.221982002258301	19.768802642822266	0.6103624701499939	1.055659532546997	0.2685084640979767
-1.3308744430541992	-8.132028579711914	5.186276435852051	19.316532135009766	0.6900133490562439	1.095027208328247	0.18702653050422668
-0.18829625844955444	-7.409982204437256	6.443905830383301	19.502994537353516	0.8310045599937439	1.144465684890747	0.18702653050422668
-1.2912015914916992	-6.691903591156006	6.479611396789551	19.578372955322266	0.7431139349937439	1.233271837234497	0.20716813206672668
-0.49377721548080444	-6.084908962249756	7.205624580383301	20.030643463134766	0.9106554388999939	1.371516466140747	0.3902736008167267
-0.45410436391830444	-5.481881618499756	7.661862373352051	19.693424224853516	1.0424914360046387	1.134394884109497	0.2584376633167267
-1.1007719039916992	-4.533700466156006	8.4275484085083	19.356204986572266	1.0342516899108887	1.243342638015747	0.20716813206672668
-1.0253934860229492	-4.152841091156006	8.08239459991455	20.102054595947266	1.1404528617858887	1.381587266921997	0.2584376633167267
-0.6445340514183044	-3.887032985687256	8.92345905303955	19.205448150634766	1.2814440727233887	1.282710313796997	0.3188624680042267
-0.7992581725120544	-2.526254177093506	9.87560749053955	19.130069732666016	1.2017931938171387	1.262568712234497	0.09638932347297668
0.18859583139419556	-2.486581325531006	9.9906587600708	19.467288970947266	1.3784899711608887	1.243342638015747	0.2584376633167267
-2.052920341491699	-1.3876434564590454	9.30431842803955	18.868228912353516	1.2374987602233887	1.124324083328247	0.2987208664417267
-0.9857205748558044	-1.5780731439590454	10.48656940460205	19.467288970947266	1.2722887992858887	1.342219591140747	0.09638932347297668
-0.6842069029808044	-0.5545135736465454	11.28796100616455	18.642093658447266	1.2988390922546387	1.223201036453247	0.3490748703479767
-0.6842069029808044	0.20323792099952698	11.39904499053955	18.455631256103516	1.2283434867858887	1.154536485671997	0.4406276047229767
-1.4816312789916992	0.278616338968277	11.1332368850708	18.868228912353516	1.2896838188171387	1.163691759109497	0.2886500656604767
-0.49377721548080444	0.469046026468277	11.5537691116333	18.531009674072266	1.3610949516296387	1.005305528640747	0.3289332687854767
0.8749361634254456	0.7308868169784546	12.0853853225708	18.606388092041016	1.4050402641296387	1.282710313796997	0.3087916672229767
-0.5691556334495544	1.4886382818222046	11.7441987991333	18.118412017822266	1.4132800102233887	1.084956407546997	0.21723893284797668
0.8749361634254456	1.7187408208847046	12.2758150100708	17.967655181884766	1.3876452445983887	1.302851915359497	0.20716813206672668
-0.6842069029808044	1.8298248052597046	10.9428071975708	18.043033599853516	1.2896838188171387	1.183833360671997	0.3591456711292267
0.7598848938941956	2.587576389312744	12.01000690460205	17.182132720947266	1.2548937797546387	1.253413438796997	0.10646012425422668
0.7598848938941956	2.817678928375244	12.3154878616333	17.670108795166016	1.2640490531921387	1.163691759109497	0.4809108078479767
-0.6088284850120544	2.662954807281494	10.48656940460205	17.519351959228516	1.1752429008483887	1.105098009109497	0.3490748703479767
-0.6842069029808044	3.496084690093994	10.3318452835083	17.221805572509766	1.0781970024108887	1.084956407546997	0.19709733128547668
0.6448336243629456	3.611135959625244	11.3633394241333	17.031375885009766	1.2457385063171387	1.124324083328247	0.2886500656604767
0.5694552063941956	3.269949436187744	10.9824800491333	17.408267974853516	1.2722887992858887	1.312007188796997	0.19709733128547668
0.11321741342544556	4.027700901031494	10.44689655303955	16.809207916259766	1.1221423149108887	1.183833360671997	0.3701319992542267
0.45440393686294556	4.253836154937744	10.3715181350708	16.884586334228516	1.1843981742858887	1.193904161453247	0.5120387077331543
0.6845064759254456	4.368887424468994	10.25646686553955	16.920291900634766	1.2191882133483887	1.144465684890747	0.3591456711292267
0.49407678842544556	4.483938694000244	9.5304536819458	16.959964752197266	1.0424914360046387	1.243342638015747	0.21723893284797668
0.18859583139419556	4.293509006500244	8.1577730178833	16.959964752197266	1.0608019828796387	1.163691759109497	0.2987208664417267
-0.03753942251205444	4.329214572906494	7.015194892883301	16.959964752197266	1.0250964164733887	1.243342638015747	0.2886500656604767
-0.18829625844955444	4.178457736968994	6.479611396789551	16.733829498291016	1.1486926078796387	1.154536485671997	0.055190589278936386
0.49407678842544556	4.634695529937744	6.253476142883301	16.809207916259766	1.1752429008483887	1.154536485671997	0.4204860031604767
0.6845064759254456	4.670401096343994	6.824765205383301	16.844913482666016	1.2191882133483887	1.134394884109497	0.4305568039417267
0.41869837045669556	4.749746799468994	6.289181709289551	16.844913482666016	0.9811510443687439	1.253413438796997	0.3087916672229767
0.37902551889419556	4.634695529937744	5.186276435852051	16.809207916259766	0.8136095404624939	1.381587266921997	0.4104152023792267
0.18859583139419556	4.519644260406494	3.8889739513397217	16.733829498291016	1.0516467094421387	1.529902696609497	0.22730973362922668
0.34331995248794556	4.444265842437744	3.3176848888397217	16.622745513916016	1.1578478813171387	1.539973497390747	0.3390040695667267
0.34331995248794556	4.444265842437744	3.3176848888397217	16.622745513916016	1.1578478813171387	1.539973497390747	0.3390040695667267
0.6448336243629456	4.329214572906494	3.0479094982147217	16.622745513916016	1.1312975883483887	1.411799669265747	0.3289332687854767
0.6448336243629456	3.761892795562744	2.9725310802459717	16.583072662353516	1.2017931938171387	1.569270372390747	0.22730973362922668
0.18859583139419556	3.385000705718994	2.5916717052459717	16.432315826416016	1.0168566703796387	1.569270372390747	0.13667252659797668
-0.11291784048080444	2.893057346343994	1.5601775646209717	16.622745513916016	0.9637560248374939	1.431025743484497	0.2685084640979767
-0.22796911001205444	2.778006076812744	0.8381316661834717	16.844913482666016	0.8483995795249939	1.480464220046997	0.23829606175422668
0.0021334290504455566	2.246389865875244	0.22716975212097168	16.844913482666016	0.9015001654624939	1.381587266921997	0.14674332737922668
0.26794153451919556	1.3378814458847046	0.07641291618347168	17.408267974853516	1.0077013969421387	1.560115098953247	0.18702653050422668
0.30364710092544556	1.0720733404159546	-0.15368962287902832	17.483646392822266	1.0077013969421387	1.461238145828247	0.2584376633167267
0.37902551889419556	1.2625030279159546	-0.7646515369415283	17.071048736572266	1.1752429008483887	1.391658067703247	0.2584376633167267
-0.18829625844955444	-0.026864618062973022	-1.6414215564727783	17.594730377197266	1.1404528617858887	1.431025743484497	0.2584376633167267
-0.34302037954330444	-0.288705438375473	-2.8990509510040283	18.007328033447266	1.0608019828796387	1.431025743484497	0.2987208664417267
-0.8349637389183044	-0.5941864252090454	-2.9387238025665283	17.896244049072266	1.0955920219421387	1.332148790359497	0.3390040695667267
0.18859583139419556	-1.6177459955215454	-2.2880890369415283	17.967655181884766	0.8841051459312439	1.401728868484497	0.21723893284797668
-0.7595853209495544	-1.7685028314590454	-3.7758209705352783	18.229496002197266	0.9372057318687439	1.510676622390747	0.2987208664417267
0.15289026498794556	-3.168954372406006	-3.0537750720977783	18.642093658447266	1.0516467094421387	1.441096544265747	0.3087916672229767
-1.0253934860229492	-2.792062282562256	-3.7758209705352783	18.868228912353516	1.0168566703796387	1.510676622390747	0.21723893284797668
0.5694552063941956	-4.117135524749756	-3.1291534900665283	18.642093658447266	1.0250964164733887	1.500605821609497	0.2886500656604767
-0.26764196157455444	-4.418649196624756	-3.6250641345977783	18.943607330322266	1.2548937797546387	1.371516466140747	0.20716813206672668
-1.1404447555541992	-5.366830348968506	-3.8908722400665283	19.054691314697266	0.9546007513999939	1.539973497390747	0.2886500656604767
-1.1404447555541992	-6.235665798187256	-4.311404228210449	19.205448150634766	0.9280504584312439	1.490535020828247	0.2987208664417267
-1.2554960250854492	-6.426095485687256	-4.120974540710449	19.356204986572266	1.0168566703796387	1.529902696609497	0.2886500656604767
-0.7199124693870544	-7.409982204437256	-3.4703400135040283	19.542667388916016	1.0168566703796387	1.420954942703247	0.3087916672229767
0.15289026498794556	-8.473215103149414	-2.8236725330352783	19.502994537353516	1.1660876274108887	1.322077989578247	0.20716813206672668
0.6845064759254456	-8.623971939086914	-2.3674347400665283	19.502994537353516	1.1843981742858887	1.332148790359497	0.23829606175422668
-0.45410436391830444	-9.230966567993164	-3.0894806385040283	19.729129791259766	1.0608019828796387	1.362361192703247	0.2987208664417267
0.6448336243629456	-9.949045181274414	-2.5181915760040283	19.316532135009766	1.1139025688171387	1.342219591140747	0.20716813206672668
0.34331995248794556	-10.746469497680664	-1.9072296619415283	19.915592193603516	1.1660876274108887	1.322077989578247	0.3390040695667267
0.34331995248794556	-11.805734634399414	-1.9865753650665283	19.431583404541016	1.1843981742858887	1.322077989578247	0.18702653050422668
-0.03753942251205444	-12.146921157836914	-2.0976593494415283	19.467288970947266	1.1312975883483887	1.262568712234497	0.3902736008167267
1.0256929397583008	-12.864999771118164	-0.7646515369415283	19.205448150634766	1.1926379203796387	1.312007188796997	0.3188624680042267
0.7598848938941956	-13.436288833618164	-0.8400299549102783	19.094364166259766	1.0955920219421387	1.401728868484497	0.3390040695667267
1.2161226272583008	-14.305124282836914	0.03674006462097168	19.578372955322266	1.1843981742858887	1.322077989578247	0.3701319992542267
0.8749361634254456	-15.519113540649414	-0.19336247444152832	19.241153717041016	1.1047472953796387	1.352290391921997	0.3390040695667267
1.0653657913208008	-16.844186782836914	0.15179133415222168	19.502994537353516	1.1843981742858887	1.381587266921997	0.3802028000354767
1.2161226272583008	-17.486886978149414	0.6477019786834717	18.979312896728516	1.0608019828796387	1.352290391921997	0.4809108078479767
0.18859583139419556	-18.284311294555664	0.18749690055847168	19.054691314697266	1.0955920219421387	1.352290391921997	0.4204860031604767
0.34331995248794556	-18.966684341430664	0.4572722911834717	19.280826568603516	1.0342516899108887	1.292781114578247	0.4305568039417267
0.9106417298316956	-19.835519790649414	0.6477019786834717	18.792850494384766	1.0168566703796387	1.262568712234497	0.2584376633167267
0.7598848938941956	-20.632944107055664	1.1039397716522217	19.054691314697266	1.0077013969421387	1.470393419265747	0.004836585372686386
0.6845064759254456	-21.009836196899414	0.9888885021209717	18.229496002197266	1.0250964164733887	1.420954942703247	-0.16728255152702332
0.7202120423316956	-21.656503677368164	0.7984588146209717	18.832523345947266	0.9372057318687439	1.431025743484497	-0.19841048121452332
0.18859583139419556	-21.767587661743164	0.4572722911834717	17.630435943603516	0.9454454779624939	1.411799669265747	-0.3192600905895233
-0.03753942251205444	-21.997690200805664	-0.0029327869415283203	18.193790435791016	0.9546007513999939	1.500605821609497	-0.2991184890270233
-0.5334500670433044	-22.338876724243164	-0.3837921619415283	17.519351959228516	0.8841051459312439	1.431025743484497	-0.23869368433952332
-0.45410436391830444	-23.096628189086914	-0.4194977283477783	17.670108795166016	0.9637560248374939	1.539973497390747	-0.18833968043327332
-0.41839879751205444	-23.398141860961914	-0.4988434314727783	17.443973541259766	0.9454454779624939	1.589411973953247	-0.24876448512077332
-0.18829625844955444	-23.132333755493164	-0.5742218494415283	17.146427154541016	0.9188951849937439	1.420954942703247	-0.3302464187145233
-0.30334752798080444	-23.433847427368164	-0.4194977283477783	17.071048736572266	0.9188951849937439	1.708430528640747	-0.18833968043327332
-0.03753942251205444	-23.663949966430664	-0.6138947010040283	16.059391021728516	0.8483995795249939	1.688288927078247	-0.24876448512077332
-0.49377721548080444	-23.283090591430664	-1.0304596424102783	16.471988677978516	0.9372057318687439	1.579341173171997	-0.3604588210582733
-0.49377721548080444	-23.283090591430664	-1.0304596424102783	16.471988677978516	0.9372057318687439	1.579341173171997	-0.3604588210582733
0.15289026498794556	-24.080514907836914	-0.6892731189727783	15.797550201416016	0.7513536810874939	1.589411973953247	-0.21855208277702332
0.6448336243629456	-23.663949966430664	-0.19336247444152832	15.123111724853516	0.7605089545249939	1.550044298171997	-0.3192600905895233
-0.22796911001205444	-23.588571548461914	-1.0701324939727783	15.420658111572266	0.8932604193687439	1.589411973953247	-0.3604588210582733
-0.26764196157455444	-23.663949966430664	-1.3359405994415283	15.309574127197266	0.8841051459312439	1.678218126296997	-0.22862288355827332
0.03783899545669556	-23.850412368774414	-0.6892731189727783	14.635135650634766	0.8401598334312439	1.519831895828247	-0.2588352859020233
-0.11291784048080444	-22.791147232055664	-1.3359405994415283	14.222537994384766	0.9372057318687439	1.550044298171997	-0.2991184890270233
-0.26764196157455444	-23.513193130493164	-1.4906647205352783	14.337589263916016	0.8575548529624939	1.628779649734497	-0.3403172194957733
0.07751184701919556	-23.624277114868164	-1.2605621814727783	14.222537994384766	0.8667101263999939	1.519831895828247	-0.3192600905895233
-0.15259069204330444	-22.755441665649414	-1.7564728260040283	14.036075592041016	0.9546007513999939	1.579341173171997	-0.4007420241832733
-0.37872594594955444	-23.283090591430664	-2.0222809314727783	13.738529205322266	0.9637560248374939	1.638850450515747	-0.3403172194957733
0.26794153451919556	-23.096628189086914	-1.3359405994415283	13.548099517822266	0.9280504584312439	1.618708848953247	-0.3806004226207733
-0.15259069204330444	-22.715768814086914	-1.9469025135040283	13.250553131103516	0.9719957709312439	1.599482774734497	-0.3091892898082733
-0.5691556334495544	-22.791147232055664	-2.2127106189727783	13.250553131103516	1.0077013969421387	1.589411973953247	-0.2689060866832733
-0.07721227407455444	-22.489633560180664	-1.9469025135040283	13.250553131103516	1.0168566703796387	1.579341173171997	-0.3302464187145233
0.15289026498794556	-22.565011978149414	-1.7167999744415283	12.949039459228516	1.0250964164733887	1.529902696609497	-0.3906712234020233
0.18859583139419556	-22.374582290649414	-1.7564728260040283	13.024417877197266	1.0168566703796387	1.569270372390747	-0.4510960280895233
-0.22796911001205444	-22.259531021118164	-2.0619537830352783	12.837955474853516	1.0608019828796387	1.560115098953247	-0.4721531569957733
0.0021334290504455566	-22.108774185180664	-1.8715240955352783	12.687198638916016	1.0168566703796387	1.599482774734497	-0.3906712234020233
0.15289026498794556	-22.033395767211914	-1.7961456775665283	12.837955474853516	1.0250964164733887	1.609553575515747	-0.3906712234020233
0.0021334290504455566	-22.259531021118164	-1.7564728260040283	12.726871490478516	0.9903063178062439	1.560115098953247	-0.3604588210582733
