1.8668697420212261	-0.22536026053261338	0.4296407963197831	-1.8635055026091416	0.09268667381283172	1.6564387541388172	0.7074377383008527
1.8672261550969413	-0.22522907441561182	0.4293811395433645	-1.8634557246230297	0.09285299353740133	1.6564422114359694	0.7074689283218643
1.8677841897327425	-0.2255245558567402	0.42867650898911325	-1.8635969941561925	0.09291364804837435	1.6563350968051131	0.7074850221373171
1.8682185341873392	-0.2259453128191855	0.4278710225184835	-1.8640502765405544	0.09297981742270323	1.6563596752910843	0.707451793914846
1.8685840514609016	-0.22709893636984246	0.42661027558823467	-1.8651747520573578	0.09298694294546125	1.6563645766888535	0.7066047783874994
1.8688601970455954	-0.22911127679424212	0.4248318211608593	-1.8671825042058159	0.09319913459794073	1.6563730688987097	0.7048609289951419
1.8688882952403187	-0.23206765097882648	0.42245930309962476	-1.870183472444878	0.09379063019972048	1.6563828242339411	0.7022686838257182
1.8687338868461731	-0.23612589695369837	0.4194349867768827	-1.8743150031008726	0.094753633773378	1.6564445573576776	0.6985119447061306
1.8683749989724427	-0.24137071705498767	0.4156437148910639	-1.8795671204044895	0.09608482593821817	1.65654988842243	0.6939999628882366
1.8678374055337874	-0.2478568586323513	0.4110653940232287	-1.8862475098526805	0.097683362259669	1.656626404983195	0.6881210573074743
1.8670593482896571	-0.2557049341277198	0.40563468802002367	-1.8941516334139525	0.09947352764374938	1.6566664173153829	0.6808141023478604
1.8659315474488662	-0.2648711884799285	0.39926530011598454	-1.9033271039799875	0.10142783625886569	1.656705079201214	0.6724529274481529
1.8644473003882451	-0.2754357845340086	0.3918837105110918	-1.9138686525698596	0.10362935567564617	1.6567111228042084	0.6626683417611933
1.862821418158043	-0.28732819192292475	0.3836160503313744	-1.9257269152610692	0.10579464861514283	1.6566915359887013	0.6515339511998192
1.8609036278811966	-0.30055353873993745	0.3743041426939574	-1.9387209588587122	0.10790257360386163	1.6565703877464613	0.6388414600189518
1.8586030582852138	-0.31489964822484784	0.36379362516441865	-1.9530419848185043	0.11000532877864025	1.6561921264075696	0.6253531144053832
1.8562448745428135	-0.33038635318141163	0.35243095418267906	-1.9682734493739882	0.11176723065318618	1.6556451587224226	0.6099989166397658
1.8534641696185723	-0.3469491878183363	0.33983465984526373	-1.9844956588057263	0.11303313475526666	1.654752800966051	0.5933786589246408
1.8534641696185723	-0.3469491878183363	0.33983465984526373	-1.9844956588057263	0.11303313475526666	1.654752800966051	0.5933786589246408
1.8504902825429643	-0.3643770112585178	0.3263739885349215	-2.00157226244562	0.11393537134237178	1.653639518574621	0.575661761353029
1.8470954637879888	-0.38260388987611044	0.31182914372933573	-2.0192320244264947	0.11429170975725643	1.652244382227305	0.5567078282347079
1.8434767874727398	-0.40152779260129723	0.29632879134508133	-2.0374028371270154	0.11429796704471723	1.6505136524233113	0.5366080914009909
1.839398972553987	-0.42089424453012025	0.27974922605897534	-2.05597004176624	0.11358827925196041	1.6485280694916076	0.5153564829104555
1.8348931619143112	-0.4405665029307876	0.2621746028836689	-2.07459260916203	0.11156145455735311	1.6462904097675102	0.49314908799092266
1.8300035654399558	-0.4603963993783163	0.24368968504617394	-2.093219553522246	0.10831618897427632	1.6436713578250581	0.469881119754374
1.82455202556325	-0.48018704450562294	0.2241454607064241	-2.1117355084053733	0.10390811127412308	1.6407947529177653	0.44555589347462204
1.8185136262359165	-0.4997055935978607	0.20385507047338733	-2.1296446789754415	0.09818990317004428	1.637797148877263	0.4203059244298388
1.812099011295237	-0.5189268047956042	0.18284124080155717	-2.1470421251339222	0.09121698866694719	1.6344645808811964	0.3941168723234005
1.8050146543962113	-0.5375791188312594	0.16096837838251915	-2.163698453793026	0.0829634878356303	1.6308686323022168	0.36724564964890766
1.7973550177460955	-0.555405275798536	0.13815631617481636	-2.1792297826559306	0.07350635166516874	1.6273714771569867	0.33944495250869894
1.7890702220384929	-0.5721937984256094	0.11470311277612599	-2.193734275331241	0.06275792566402584	1.62376537022775	0.3110831714391159
1.7805180153581015	-0.5875128382847549	0.09145394638051275	-2.2065134941820035	0.05125808888700489	1.6202756238005322	0.2826690532706349
1.7710648525959465	-0.601835115823851	0.06662866272814216	-2.2183007053849555	0.03829866323374401	1.6168265932635644	0.25297293985571717
1.7605861136988663	-0.6154621790178167	0.039806614369989106	-2.228961565722231	0.023556573285711247	1.6132884055139438	0.22073139057472982
1.7501958304283831	-0.6265466061881723	0.014092144935390327	-2.23736033850925	0.008835908086299925	1.610047672484222	0.1899658221700031
1.739499277037597	-0.6358977998044727	-0.012258407382067613	-2.2438821343930413	-0.006610595544507108	1.6072888610294254	0.15860241080080603
1.7285855664279486	-0.6432280458407839	-0.03878145652886137	-2.248530451431718	-0.022628108762719115	1.6049443570201707	0.1269630021459591
1.717421520229733	-0.6486569399889018	-0.06572629453103919	-2.2514121516373926	-0.03906983380430589	1.6029355242096357	0.09509419715814627
1.7063930000965242	-0.6519828257005063	-0.09284343809382954	-2.252289659305376	-0.055622082804049275	1.6014106507932733	0.06290108722620824
1.6952842855463734	-0.6532271426599694	-0.11999713486502447	-2.251485849585356	-0.0721853519819084	1.6004126761915938	0.030797747442865786
1.6845910267337205	-0.6524665019239859	-0.14731013070696705	-2.248727060703453	-0.08850711287936316	1.5998361292474481	-0.0014487858103385794
1.674109027207724	-0.6496122761079683	-0.1744250911036379	-2.24386146300161	-0.10448241979096443	1.5996913366954257	-0.03363432541591711
1.6640439449542404	-0.6449352043326054	-0.2015920532146216	-2.236935258652068	-0.11989408313635115	1.5998928590646022	-0.06543014998165567
1.6545677107430568	-0.6381996362951545	-0.22850354279013718	-2.2283094809288526	-0.13457443305144398	1.6006550468315215	-0.09722119355511856
1.6456412178646196	-0.6294917825793487	-0.25505107721873593	-2.2181563726179827	-0.14836752257016042	1.6019069503131769	-0.12851489649334977
1.6374535538976764	-0.6192191851522715	-0.28140879169841826	-2.2063731284295667	-0.1610524106245123	1.6036110925583307	-0.15940041373571
1.6299302312023705	-0.607414609149539	-0.30720732465831746	-2.193280862922938	-0.1727618172341782	1.6055650666628754	-0.18991212745159278
1.6232053294902256	-0.5941792258371809	-0.33243913944701864	-2.1788609322091563	-0.18314057358756677	1.6078346841138544	-0.219647859736214
1.617078899773593	-0.5799060384080751	-0.35740596452228107	-2.1635022483240793	-0.19226322604000565	1.610258283098873	-0.248968995628703
1.611735073834571	-0.5645760717577762	-0.3816896612251461	-2.147197814308596	-0.19997149078786983	1.6129442110969503	-0.27744092205059656
1.6070426952074615	-0.5483860279580297	-0.40520597733407887	-2.1302186902859077	-0.20649874904065033	1.6157219557025027	-0.30530097237534604
1.6030696963631799	-0.5316056480454746	-0.42802400074326297	-2.1128309430289414	-0.21147542092382987	1.6184314730486868	-0.3322969033066159
1.5996009988970044	-0.5143474226394537	-0.4501350128935003	-2.09510870130258	-0.21525967561008455	1.6210578994101152	-0.35834238467521795
1.5965828807458695	-0.4967741020557954	-0.4714996744618369	-2.0771560545618217	-0.21776488770775457	1.623705644469809	-0.38364225924069906
1.5941934128622266	-0.4792315235761609	-0.49182756959385704	-2.059346716302895	-0.21911006189699064	1.6262371078325053	-0.40790756161418634
1.592164041032664	-0.46167080506047126	-0.511205906166361	-2.041692425531875	-0.21950164084420898	1.628629547308806	-0.4310112320598488
1.5904660835366677	-0.44437680677791	-0.5296164419261968	-2.0243463644278554	-0.21941874888976887	1.6308947506973048	-0.45295006852219255
1.5889087043023775	-0.42750140771484035	-0.5468846584590689	-2.0077655621415738	-0.21816887305464636	1.632915396005421	-0.47381277313923864
1.5876854933506352	-0.4111244249799109	-0.5630091735735184	-1.9917410238061906	-0.21603374547946264	1.6348793633060683	-0.4934391767767357
1.5864244151843636	-0.3955736001653379	-0.5780394597060332	-1.9765845730045473	-0.21339063832321226	1.6365289619276764	-0.5117971413406097
1.585352758702485	-0.3807866470402799	-0.5916795168100168	-1.9624060605370737	-0.21022109589426022	1.6379800950195262	-0.5287425555107249
1.5842510938996204	-0.3670102690999636	-0.6042155269840888	-1.9492512218350746	-0.2068616822706102	1.6392699500014805	-0.5444668319593432
1.5833249901309672	-0.35435302792168416	-0.6153453486510799	-1.9373105526495786	-0.203095634525942	1.640305502309488	-0.5584680250384633
1.5823609463950317	-0.3428674911564272	-0.6252156643819945	-1.926563995708739	-0.19952996816823865	1.6412097706307325	-0.5708653228071824
1.5814006208107052	-0.33253672427632625	-0.6336328207422557	-1.91700444903934	-0.19593367735890277	1.6419995104577336	-0.5822371349002036
1.5804450624816777	-0.32363788755107803	-0.6407797159694093	-1.908763552894532	-0.19279651367790163	1.6426396034231954	-0.5915471684664565
1.5794885461051207	-0.3158748427149654	-0.6468262146951086	-1.9017332250568832	-0.18983943476070717	1.643120787857778	-0.5999189866379502
1.5794885461051207	-0.3158748427149654	-0.6468262146951086	-1.9017332250568832	-0.18983943476070717	1.643120787857778	-0.5999189866379502
1.578544055207745	-0.3095457503316352	-0.6517292937841377	-1.8960612559511416	-0.18742544086590984	1.64353730147871	-0.6063599839342945
1.5777162315316124	-0.30449376240919174	-0.655317993941664	-1.8914066778002498	-0.18526234511507758	1.643877651234216	-0.6118875096114688
1.5767996038111678	-0.30046289826929157	-0.657888180048479	-1.8878653420869718	-0.18346663306288402	1.6441676106901777	-0.6161139131550382
1.575989999135381	-0.29759331865315536	-0.659564982042433	-1.885462070969013	-0.18216225021843588	1.6443052290317635	-0.6190693195638947
1.5751931269473884	-0.29555802238642975	-0.6605298987812673	-1.8838451180532467	-0.18122006909471833	1.6444115733690146	-0.6211001890938547
1.5744209710956456	-0.29433519586970996	-0.6609159769663021	-1.882874883792434	-0.1805174970051248	1.6445064554210664	-0.6223638401820532
1.5736583296526263	-0.293691222597417	-0.6608641927432337	-1.8823689746054035	-0.18004474692616973	1.644570572836069	-0.6230459544569413
1.572810309616107	-0.2933497270546998	-0.6605297554554093	-1.882074099841548	-0.17969795502877442	1.6446121199700776	-0.6234360393498837
1.5719852651708968	-0.29312700578137346	-0.6601056682332043	-1.8820107863289903	-0.17942417172205152	1.6446797118116556	-0.6236282405296357
1.5712449066905732	-0.2929294874512855	-0.6596454816524585	-1.8820083538390364	-0.17920656984176658	1.6447086153856574	-0.623824206697083
1.5705339312780668	-0.2927196908317167	-0.659121479186596	-1.8820058463440907	-0.17897441781940288	1.6447415404811645	-0.6239913814248939
1.5698652194204827	-0.29251224821611044	-0.6585171973947839	-1.8820118542016326	-0.17870325269222975	1.6447766900036427	-0.6241868769970409
1.5691765988826618	-0.2923243895755033	-0.6578746710643115	-1.8820058721811508	-0.17846379774515464	1.6448171334142	-0.6243461939888635
1.5683995606123895	-0.2921236681340155	-0.657235394262048	-1.8820114900735367	-0.17821428673321266	1.644855574352576	-0.6245395231207255
1.5676028127390185	-0.2919507854811439	-0.6566612959483399	-1.8820055515028034	-0.1779723900651025	1.6448943752215779	-0.6247593239453333
1.5668279377414978	-0.29181479913736147	-0.6561299291073016	-1.882009063904745	-0.17774205415130923	1.6449278701251	-0.6248821932582738
1.5660893071304396	-0.2916946239991347	-0.6556023594670654	-1.8820144329978266	-0.1774892332765961	1.6449789602938019	-0.6251354700486831
1.5653708754554683	-0.2915533582525139	-0.6550547680488422	-1.8820058694514328	-0.17726816302966353	1.6450210878299616	-0.6252762475715328
1.5646489537745791	-0.2913710733362768	-0.6544515761228067	-1.882011570818277	-0.17700953892065874	1.6450631380235379	-0.6255036956827544
1.5638757261842382	-0.29114349950989626	-0.6538332559507367	-1.882011218101635	-0.17679254823820478	1.6451062996293708	-0.6256832836231158
1.5631065149185948	-0.29093463048682267	-0.6532306147584983	-1.8820149071035341	-0.17654490185478125	1.6451399764874988	-0.625900830212633
1.5623524597761769	-0.29079569225204777	-0.6526574944878352	-1.88201432121474	-0.1763369082237568	1.6451818729240912	-0.6260731026417683
1.5616020256313496	-0.2906876982391403	-0.652071585865404	-1.88201434481496	-0.17609374608472825	1.6452201405867288	-0.626272974623789
1.5608351791301212	-0.2905588354458206	-0.6514740247682357	-1.8820178758770953	-0.17587569078731854	1.6452684744853137	-0.6264587027271353
1.5600237516536564	-0.2903760676423689	-0.6508706708287931	-1.8820103041990628	-0.17564100125870766	1.6453151916397635	-0.6266582314461893
1.559208372539745	-0.29014533009493987	-0.6502520457622647	-1.8820153819943997	-0.17542993064750226	1.6453487383476473	-0.6268378643803771
1.558472393408342	-0.289957090481415	-0.6496849789872169	-1.8820211062877121	-0.17520923759949183	1.6453847670501198	-0.6270267457310668
1.5577177236930335	-0.28979942330426384	-0.6490661119163655	-1.8820186834092216	-0.17497294282671133	1.6454206160251026	-0.6272303643861048
1.5570273675275472	-0.2897027616905196	-0.6484434342172933	-1.8820190352268538	-0.17473856212798644	1.6454741161955417	-0.6274232997225405
1.5563028823725553	-0.28958952627008505	-0.6478210368901527	-1.8820190352389687	-0.1745314887623876	1.6455184069441964	-0.6275994757158238
1.555536401306283	-0.28940670233345805	-0.6472076582062971	-1.8820165295851858	-0.1742938450572952	1.6455611890357673	-0.6278274926978524
1.5547226432286023	-0.2891853022930463	-0.6466093813821123	-1.8820249583131612	-0.17406267305505804	1.6455990458056893	-0.6279912419663327
1.5539609224763649	-0.28899491009201467	-0.6460518827513664	-1.882031765621878	-0.17385436654217923	1.6456386274491517	-0.6281845793433973
1.5532315240002659	-0.288875105999964	-0.6454524645443837	-1.8820313563690898	-0.17359828773784566	1.6456816438151343	-0.6283900786018946
1.5525180640416367	-0.288769840462406	-0.6448305758270361	-1.882026304783733	-0.17337196487604153	1.6457228700118314	-0.6285573790863392
1.5517774994123843	-0.28863336947858936	-0.6442192501755019	-1.882036735487141	-0.1731413167087545	1.6457622524455464	-0.628788719408854
1.5510022795962353	-0.2884271903423731	-0.643626266269055	-1.882028556930825	-0.17290168105176346	1.6457990542725753	-0.628970260057913
1.5502150346566872	-0.28820530271178324	-0.6430385387961746	-1.8820373452560226	-0.17268647712929333	1.6458354181503374	-0.629156187202354
1.5494622543480243	-0.288119866628597	-0.6424580526430772	-1.8820796641563329	-0.17246496686251114	1.6458709379607712	-0.6293715799549191
1.548641080702248	-0.2882691197196393	-0.641813138154071	-1.8823450663085948	-0.1724289540735866	1.6459036665735776	-0.6295185024189294
1.5476568881295811	-0.28889493710006764	-0.6410874630790829	-1.8829147323807067	-0.17243762313062957	1.6459058078924895	-0.6297460665853166
1.54642119380128	-0.29023372406126585	-0.6402491769332251	-1.8841453800925783	-0.17274561789127363	1.645909895944191	-0.6298495844632961
1.5449359727843321	-0.29268024413087795	-0.6392856851277016	-1.886239086295114	-0.17382214351955597	1.6458978411217542	-0.6299538172976631
1.5432078584566307	-0.2963538680934392	-0.6382106610513859	-1.8891686090945514	-0.1754786411549356	1.645838338022973	-0.6300304204333904
1.540970932537923	-0.3013541966949796	-0.6368838134635569	-1.8930966713448552	-0.17799236014630593	1.6455679946379405	-0.6301120865675021
1.5384265391028507	-0.30800215541813963	-0.6354013678869775	-1.8983058509670432	-0.18153005958943455	1.6451024032280552	-0.6301503517371336
1.5352254257054565	-0.31622987711047673	-0.633748868920739	-1.9046954176713464	-0.18573613722738644	1.644400634990927	-0.6302785514131716
1.5314533917548834	-0.32615342511161105	-0.6318456179571407	-1.9124189725335885	-0.19073431805610166	1.6435005232367057	-0.6304168782773841
1.5314533917548834	-0.32615342511161105	-0.6318456179571407	-1.9124189725335885	-0.19073431805610166	1.6435005232367057	-0.6304168782773841
1.5271800862346765	-0.3377411628489558	-0.6298012287424761	-1.9214077692356941	-0.19678769125797915	1.6422165398414275	-0.630663470935784
1.5222404410319537	-0.3512099466492151	-0.6276035243906878	-1.931616709536762	-0.20378010607773211	1.640690369823156	-0.6309984859193059
1.516543803603361	-0.3663917207090453	-0.6252442687957603	-1.943099906999198	-0.21158904423235847	1.6387645864637705	-0.6315460536367253
1.5099685288950924	-0.3834462718411828	-0.6228716931343734	-1.9557030646108233	-0.22017542718352798	1.6363337577116552	-0.6324712084351961
1.502617407042234	-0.40228783290995035	-0.6201913264219626	-1.9693367745155264	-0.22967008570870226	1.633317196796026	-0.6337721348031373
1.4945310559597702	-0.42263485931933265	-0.6173565513830304	-1.9839462182988001	-0.23972288751148169	1.6296354004817948	-0.6355548890492522
1.4854214193039712	-0.4446717375854386	-0.6147436472263798	-1.999436162343975	-0.25074315776425393	1.6253786290396848	-0.6377982529838253
1.4754229344490457	-0.46824684202299804	-0.6121170845842058	-2.0156060085720866	-0.2621982480797932	1.6203714246238112	-0.6406227526244306
1.464516259798817	-0.49313712316015895	-0.6094365969101992	-2.0323916823583055	-0.2742589839928796	1.614533033425079	-0.6442271317935157
1.4525840104972683	-0.5194575978876058	-0.6070688710792137	-2.049354987115686	-0.2868779994221661	1.6076783807757262	-0.6488152596510434
1.4398670360582275	-0.5468260157567626	-0.6048202246940436	-2.066611096952081	-0.29981743161992835	1.6001059298572244	-0.6544503803432123
1.426106418241738	-0.5752676726442211	-0.6030790523343947	-2.083924286441314	-0.3132128476904862	1.5913996343638475	-0.6610231876598448
1.4116876753720589	-0.6045447841349028	-0.6016658016297897	-2.1009574884265025	-0.32699483527690576	1.5818155162826455	-0.6687113651319966
1.3961578884894557	-0.6344779170402053	-0.6007731450913534	-2.117643236114971	-0.34107363089460035	1.5710961936874983	-0.6780012509180339
1.3799949268808789	-0.6649619668561908	-0.6004828350919101	-2.1338319817908813	-0.35549438082273355	1.5594042369064094	-0.6881609025121161
1.3632359324803238	-0.6959215321592617	-0.6005299176719102	-2.1491079079015236	-0.3702013584113044	1.546743598588096	-0.7004086841538593
1.3455851421287033	-0.7269202327647074	-0.6013462566215682	-2.1635643951020462	-0.3853164158163619	1.5330903343903817	-0.7136114473205631
1.3277030014978861	-0.7578321047773886	-0.6029345377021126	-2.176735552466877	-0.4005708184466574	1.5185717063833197	-0.7285224329919943
1.309399415292324	-0.7886345895655434	-0.6052832463598088	-2.1887135385446306	-0.41620584723607623	1.503119334138604	-0.7451344470957172
1.289452021964446	-0.820693332875892	-0.6089853690120945	-2.1996937104262475	-0.4332378789655844	1.4860344286615441	-0.7643776080919668
1.2704246060034152	-0.8503509447605467	-0.6135453973298562	-2.2084462690721267	-0.4497440757562392	1.4692332184731989	-0.784179153498333
1.2515144534297582	-0.8792748780070705	-0.6189869012959032	-2.215550075364945	-0.4665135851072574	1.4520230624654258	-0.805369978377542
1.2326381805673188	-0.9071414464113605	-0.6253441316114217	-2.2207123453290416	-0.4837108029257318	1.4343773977909458	-0.8280573160278525
1.2137947908300042	-0.9338415441623459	-0.6325540847656501	-2.2240740975059747	-0.501444792787343	1.4165340456506377	-0.852152419154812
1.1955705141523605	-0.9591686568190556	-0.6407404265385042	-2.225516580273318	-0.5194884520242039	1.3986482004574907	-0.8776596087081059
1.1778296599372948	-0.9831558987769063	-0.6498195620328232	-2.2252498226778026	-0.5379760934522142	1.3808328128548502	-0.9041752615244313
1.1606040611061563	-1.0055703210352551	-0.659703078684321	-2.22301966726812	-0.5567991993170371	1.363105205639851	-0.9316956911148321
1.1442923305294517	-1.0262720045966276	-0.6702735871067238	-2.2186406527774363	-0.5760595919566888	1.3458773465499023	-0.9601860339384485
1.12895688354932	-1.045402685705528	-0.6816067918390283	-2.2122533355315595	-0.5955338639794284	1.329172904429718	-0.9893204325258323
1.1143083969027796	-1.0628829645144207	-0.6934580607863357	-2.203979073184535	-0.6152857504401124	1.312931084962164	-1.019223421164611
1.1011497491455895	-1.0786172915697978	-0.7058989160933147	-2.1940049155023034	-0.635027791304556	1.2975822651067404	-1.049277867039542
1.088769864015187	-1.0926098455380786	-0.7186448664534439	-2.182189481214544	-0.6550420122020637	1.2827943704581577	-1.0796792581359582
1.0778327099892187	-1.1051601345291788	-0.7317472272564703	-2.169072926307043	-0.6748544770028866	1.268869521845009	-1.1101806608231375
1.0679817045997448	-1.1159107476595018	-0.7450244776571715	-2.1544750837028377	-0.6946311496779396	1.2558360983438246	-1.1406187265701224
1.0594553531799067	-1.1254132512156174	-0.7584544333610295	-2.1388231057086693	-0.7140394044536452	1.2436809336504548	-1.170878305828922
1.0523670531012999	-1.1331870803295965	-0.7715352511717726	-2.122379480634334	-0.7326784191203726	1.2327139517169228	-1.1997241079211414
1.0461705736349076	-1.139805995463322	-0.7849174184442067	-2.1048918132184453	-0.7513876826147128	1.2223503371172264	-1.2290405667132227
1.0410709465334749	-1.145353894555485	-0.7980561169821992	-2.0865553954818674	-0.769540819297922	1.2127216174640323	-1.2576672969495617
1.0371772310293577	-1.1498778635610276	-0.8111824093551088	-2.067641600608315	-0.7871463960806644	1.204097070205883	-1.2856418109067664
1.0341464335221993	-1.1533112741409814	-0.8239145548473271	-2.048418954540874	-0.804141713914029	1.1962277086242716	-1.312682034993404
1.0321441697775235	-1.1558272233793259	-0.8363853978829902	-2.029153722496405	-0.8203234244359805	1.189060252546516	-1.3386332855239442
1.030971372269565	-1.157660268673086	-0.8482642318613174	-2.009796426865782	-0.8356389771008986	1.1827857090137264	-1.3636981166888307
1.0304708093524417	-1.1589167789826595	-0.8597994498290052	-1.9906820944112704	-0.8501907377424384	1.177001796422747	-1.3875032360650545
1.0306067180742589	-1.159706589011538	-0.8708466137873772	-1.9718020877579925	-0.8637879231871778	1.171952067456708	-1.4101487087637121
1.0311382150360702	-1.1600703925872489	-0.8812907652327135	-1.9536101901545762	-0.8766371113281868	1.1673993141803252	-1.4313039348879912
1.0322479351984049	-1.1601378112908889	-0.8912869275400516	-1.9359408705856416	-0.8884140999399405	1.1634378720292469	-1.4511705166904145
1.0337426737720203	-1.1598718908298418	-0.900428454770225	-1.9190371880353072	-0.8993562399502154	1.1598935260836207	-1.4696141199904396
1.035467461870237	-1.1594786442225589	-0.9090348526785154	-1.9033487143947336	-0.9093276861236913	1.15678690512702	-1.4867574151911704
1.035467461870237	-1.1594786442225589	-0.9090348526785154	-1.9033487143947336	-0.9093276861236913	1.15678690512702	-1.4867574151911704
1.037482898022402	-1.1589880285244354	-0.917046433897991	-1.888504988683906	-0.9184408450040216	1.1541284783669499	-1.5022077739178628
1.0395192965830635	-1.1582185727937355	-0.9241152444292461	-1.8748789932045489	-0.9265045999958376	1.1517651154741173	-1.5160875104320544
1.0416086120952892	-1.1574266094156993	-0.9305465326814875	-1.8624048665594317	-0.9337998057800002	1.1497395245072204	-1.5286318411240696
1.0436458784115306	-1.1566720033087503	-0.9362792337506494	-1.8514089008329435	-0.9401671935632324	1.1479952774888562	-1.5398386435379063
1.045530177068507	-1.1559818587014619	-0.9413119274397486	-1.841531237613778	-0.9456717468398691	1.1465591846925673	-1.5492280847088977
1.0472575181997	-1.155337650577922	-0.945517148093012	-1.833049048849486	-0.9504162653782012	1.1452843242088406	-1.557710552771151
1.0487723040258132	-1.1547855722395644	-0.9490622423099877	-1.8259680363089237	-0.9544369619577393	1.1442092712747405	-1.5644661550556247
1.0501202567879733	-1.1543278269468946	-0.9520142014263244	-1.8199931450621551	-0.9576231434419022	1.1433774229028757	-1.5698905393169615
1.0511704190530948	-1.154016549965367	-0.9543681695846618	-1.8152666653065006	-0.9602255536817353	1.1426337597490448	-1.574401356725381
1.0521131495094025	-1.153686857707195	-0.9561576018097167	-1.8116515409943423	-0.9620697001554059	1.1420640509829363	-1.5778746803825288
1.0528264135382477	-1.1535988872093048	-0.9573520689437145	-1.809133574566867	-0.9635571571737733	1.1416239258467593	-1.58015628911032
1.0533144582519232	-1.153612828477715	-0.9580659250527777	-1.8075324107997088	-0.9645605127979721	1.1412520495883196	-1.5815947652221507
1.0536633187720494	-1.153626264131473	-0.9585051880302061	-1.8065358567072132	-0.9651816084035608	1.1409601079187435	-1.5823987670058006
1.0539958866281605	-1.1536390317115177	-0.9587508645207089	-1.8060625979119826	-0.9655660740555163	1.140796506783386	-1.582785461665314
1.0542997766704567	-1.1537173082217793	-0.9587731279287474	-1.8058655788488647	-0.9658108710208257	1.1406609753657933	-1.5828260896530262
1.054443443884063	-1.1538061522998644	-0.9587699963278037	-1.805861827533966	-0.9658713916417796	1.1405313094073386	-1.5828284191370188
1.0544818633811825	-1.1538947651485927	-0.9587745168317053	-1.8058608797682036	-0.9660179415051232	1.140390896637159	-1.5828304928183754
1.0545666075205693	-1.1541212122922826	-0.9587634982165036	-1.8058425517702927	-0.9661261993291512	1.1402649063993986	-1.5828435517980006
1.0546645994037844	-1.1543172492975968	-0.9587635168025936	-1.8058196341014494	-0.9662290517424934	1.140108293885319	-1.5828342057897735
1.0547886177556023	-1.1544710695484797	-0.9587684029947224	-1.8057747833141469	-0.9663548355537216	1.1399831373207079	-1.5828338958395891
1.0549016370875117	-1.1545276239997804	-0.9587524856392566	-1.8057652384310585	-0.9664528439009086	1.1398520284481122	-1.582829602240623
1.055071973479733	-1.154646167792331	-0.9587369475761458	-1.8057614870201668	-0.966589280847945	1.139712461405074	-1.5828085647675465
1.0552321185777718	-1.15481721855493	-0.9586977816590773	-1.8057556413378089	-0.9666732279167546	1.1396033866200486	-1.5827899885344665
1.055337628846409	-1.154975330944892	-0.9586778099661278	-1.8057575771069871	-0.9667985155681704	1.1394472802563471	-1.582758374130704
1.0553938950842168	-1.1551236443637587	-0.9586377933359832	-1.8057445804200654	-0.9669071167931846	1.1393205307906076	-1.5826876116234474
1.05548968811422	-1.1552903000153112	-0.9585823941403336	-1.805711810620224	-0.9670251762750438	1.1391906572316364	-1.582593677061105
1.0556198644626928	-1.1554469373032967	-0.9585368441509053	-1.8056586901618041	-0.9671217883312995	1.139058626793693	-1.5825328862043664
1.055729336942454	-1.1555705045003033	-0.9584909142646251	-1.8056497068622677	-0.9672550140390496	1.1389241936098393	-1.5824775351728384
1.0558535721419684	-1.1556972125380913	-0.9584484905740827	-1.805642959244869	-0.9673592125944562	1.1387723896791786	-1.5823984965926179
1.0559743208280976	-1.1558314916069168	-0.9583713091190607	-1.8056366413067666	-0.9674634825914031	1.138665592817831	-1.582304824044408
1.0560769933516154	-1.1559809566419743	-0.9582948628668454	-1.8056244819185658	-0.9675891227777534	1.1385168952985119	-1.5822538979528338
1.0561762048296668	-1.1561350502648662	-0.9582408570213273	-1.8056061227859936	-0.9677139412501115	1.1384007611754636	-1.5821856545671054
1.0562815693925833	-1.1562913015895053	-0.9581992538814036	-1.8055862299890046	-0.9678130058050431	1.1382370171968534	-1.5821031869639985
1.0563940479370324	-1.1564354070227594	-0.9581657686071327	-1.805549506169439	-0.9679189588669838	1.138126964466822	-1.5820618411802312
1.0565031347486193	-1.156577157184574	-0.9581157654035016	-1.805530579435995	-0.968044525531997	1.1379741345317318	-1.581906721634084
1.0566208660968701	-1.1567200020414183	-0.9580443357325947	-1.8055191022089652	-0.9681479973988921	1.1378629644349434	-1.5818873623747767
1.0567487483919413	-1.1568647671580965	-0.9579621117857849	-1.8055072991864936	-0.9682725702415031	1.1377335158973507	-1.5818242767306328
1.0568514544168215	-1.1569979273483164	-0.9579129774882723	-1.8054889018447666	-0.9683871113675321	1.1375909839180325	-1.581754696603768
1.0569806817340737	-1.157169782804669	-0.9578526428118307	-1.8054777475015296	-0.9685012389522273	1.1374747306643447	-1.5816591840378682
1.0571051880827134	-1.1573515406021382	-0.957798447905236	-1.8054530177925736	-0.9686151949625745	1.1373332254620054	-1.58158369215299
1.0571807527793957	-1.1574979450913963	-0.9577504081353002	-1.8054281963175927	-0.968747148319847	1.1372071581591345	-1.581531418083224
1.0572761253594394	-1.1576342664982118	-0.9576970805885366	-1.8053922731528507	-0.9688422319270402	1.137078222717963	-1.5814569981707756
1.0574006420222744	-1.1577807695030176	-0.9576363118512571	-1.8053686671983917	-0.9689957449726321	1.136947257119831	-1.5813539476634022
1.057538062677456	-1.1579279154945095	-0.9575823853797565	-1.8053610759350538	-0.9690845606965977	1.1368269837302976	-1.581314863415208
1.0576615679267807	-1.1580654458842974	-0.9575327452219391	-1.8053404822308121	-0.9691981191393169	1.1366917115930633	-1.5812153708597272
1.05779048314686	-1.1582848524740363	-0.9574905417422872	-1.8053431646654725	-0.9693294239737752	1.1365977866598302	-1.5811309280133106
1.057776634080186	-1.1586681565888166	-0.9574888041111624	-1.8056045869190025	-0.9695954920036177	1.136596701842766	-1.580940244158383
1.0575317009067198	-1.1594324517862895	-0.9575235601679302	-1.8065315384514178	-0.9699957361957002	1.1366892955108079	-1.5806403404689626
1.0570452517377134	-1.1607652636198886	-0.9577874143147601	-1.8084836628649155	-0.9707269757706962	1.1373585107102078	-1.5802034043370254
1.0562815399694994	-1.1627716590688135	-0.9583282553342111	-1.8115771981130773	-0.9718699453270074	1.138851953098721	-1.579452038444078
1.0562815399694994	-1.1627716590688135	-0.9583282553342111	-1.8115771981130773	-0.9718699453270074	1.138851953098721	-1.579452038444078
1.0550869706974062	-1.1655800846780613	-0.9592832103734762	-1.8161757053605332	-0.9733926311087809	1.1409662673361838	-1.5783783033354288
1.0533327742083076	-1.1691774133417738	-0.960712108705057	-1.8224156035155645	-0.9753138752597821	1.143880942988942	-1.5769460484066131
1.0510879337768648	-1.173738060353537	-0.9626183028087998	-1.8300831492086245	-0.9778912143719938	1.1475416943871266	-1.5751422900447773
1.048296411466377	-1.17927879012928	-0.9651355122424115	-1.8394361980371738	-0.9808514735286494	1.1519132472276836	-1.5730545838217518
1.045087695756754	-1.1855879211738105	-0.9682713434969961	-1.8501432420198036	-0.9845106403554401	1.157208130262823	-1.570630198459859
1.0413647462525852	-1.1928492120448626	-0.9718106034144969	-1.862417701711435	-0.9886737923079044	1.1632267367709903	-1.568009931856572
1.0372701096751815	-1.2008002853976252	-0.9760402227946259	-1.8760442817080858	-0.9935865632622607	1.1699798612842691	-1.5652052126791764
1.0326958654989267	-1.2095426772356337	-0.9810766766780302	-1.8908949471084753	-0.9989635602300472	1.1774640479709846	-1.5621806182783662
1.0279125492225083	-1.218815418873563	-0.986692015652536	-1.9068456071354172	-1.0050539070652238	1.1856410116043665	-1.5589436329838924
1.0227493445339548	-1.2288109639147053	-0.9930442745171506	-1.9237424441335054	-1.0118064805105929	1.194310881029793	-1.5554534832007334
1.0171367388416763	-1.2391425652088717	-1.00003217227491	-1.9410986926026066	-1.0191889422265459	1.2036873678637383	-1.5519233600572304
1.011528431033408	-1.249770623453105	-1.0076514172602846	-1.9591104091539782	-1.0271659981836545	1.2133916842392316	-1.5484041541754783
1.0058120631501304	-1.2607494863080853	-1.01627215757345	-1.9776653014011878	-1.0357956855790127	1.2234485966356572	-1.545059957258658
1.0000623995045523	-1.2717423585043386	-1.0254411570349284	-1.9961847969511182	-1.0449154673860892	1.233826547188782	-1.541673991756338
0.9941223439426429	-1.2827273182448147	-1.0349926293996137	-2.01478712671873	-1.0545879142215984	1.2444866083482164	-1.5382809915314188
0.9881919500929582	-1.2937171327643437	-1.0453824008604964	-2.0329961817022486	-1.0646902555250757	1.255011408272913	-1.5348333262910678
0.9824037298819478	-1.3044657507046038	-1.056000569353656	-2.0508583422661486	-1.0752192077362206	1.2658636849374423	-1.5316927680506358
0.9767803573185664	-1.3148532997519924	-1.067173040095764	-2.068328804960285	-1.0859370462136548	1.2764613408231409	-1.528733057159311
0.9714075097911801	-1.3250153596816912	-1.0786714610652293	-2.085205283091978	-1.0968322094431913	1.2869998880552866	-1.526022574303771
0.9661504250178682	-1.334484906570732	-1.0897765838129363	-2.1006317065540885	-1.1075753607236587	1.296973536215654	-1.523569814014503
0.9610687263962643	-1.3437690759232874	-1.1015642883006982	-2.1155939995808954	-1.1186185922004386	1.3069939525458283	-1.5211376868628954
0.9563350578878577	-1.3524014731734786	-1.112960265160138	-2.129852225487026	-1.1295228385181157	1.3166731074734521	-1.5188355229393848
0.9519684347341105	-1.3605507812688638	-1.1244265530954227	-2.143075855028435	-1.1401084724163948	1.3258516256607513	-1.5166938309630287
0.9478116602226959	-1.3681106861040893	-1.1354629442562747	-2.1551774370586476	-1.1505324514514719	1.334431961083527	-1.5147820437584336
0.9440189187905599	-1.3749613662326086	-1.1459129433881328	-2.1663312464572897	-1.1602014036858304	1.3425822557806164	-1.5131337602896806
0.940559324391424	-1.381352758467592	-1.1559520417391733	-2.176178402843126	-1.1695926693993615	1.3500187592581456	-1.5116356768042778
0.9374041302423287	-1.3870370815247322	-1.16519523075301	-2.185083377176172	-1.1780459736653117	1.3568799470402175	-1.5103027640544262
0.9350057397315279	-1.3914896805432868	-1.1728483665513352	-2.19193577753893	-1.1851701512578356	1.3623697404374477	-1.5092758707339207
0.9323892959594139	-1.3964724107795468	-1.1814586840687307	-2.1996516091371516	-1.193111417398265	1.368434079290144	-1.508161378897358
0.9303775556731223	-1.4002275995775235	-1.1880066953007211	-2.2054703148544537	-1.1991984799023292	1.3730980077279815	-1.5073358110925723
0.9286894169931705	-1.4033188977387598	-1.1938318643687593	-2.210269676676294	-1.2046902461434854	1.3770584510092339	-1.5066127619640588
0.9273668796149035	-1.4060494586035155	-1.1986856032938755	-2.214163201082414	-1.2091841679615318	1.380336399602874	-1.5060195150997573
0.9262560448661458	-1.4081809408255097	-1.2024906861336357	-2.217182337329811	-1.2125973684416052	1.3828986032387487	-1.505575177061772
0.9254065432953771	-1.4098568088642933	-1.2053396911771035	-2.219427865561872	-1.2153900010599403	1.3847762274150455	-1.5051813509831546
0.9248400352169898	-1.4110263823779323	-1.2074245270846269	-2.2210706335387473	-1.217272888297654	1.3860467756584465	-1.5049077652607556
0.9245218730340632	-1.4118002905112956	-1.208757675311318	-2.222228321006912	-1.218599872232112	1.3868420055007418	-1.5047413340172446
0.9243176489104131	-1.4122825109532557	-1.2094724555504026	-2.2228673883011365	-1.2193795561333365	1.3872554006421027	-1.5046521547044935
0.92428593948	-1.4126335808712507	-1.2097599627141569	-2.2231413526031174	-1.219770716742482	1.3873947237223188	-1.5045828012867684
0.924312549881758	-1.4129259700989536	-1.2098708702205108	-2.223233121892665	-1.2198931074030945	1.3873910910023959	-1.5045556611145228
