0.017559289932250977
0.05078482627868652
0.0840749740600586
0.11739993095397949
0.15073752403259277
0.18410968780517578
0.21743559837341309
0.25067806243896484
0.2840607166290283
0.3174111843109131
0.3508141040802002
0.38405871391296387
0.41741132736206055
0.45070981979370117
0.484055757522583
0.5174024105072021
0.5507385730743408
0.5840151309967041
0.617271900177002
0.6507318019866943
0.6840617656707764
0.7173926830291748
0.7508037090301514
0.7841031551361084
0.8173277378082275
0.8508021831512451
0.8841431140899658
0.9174277782440186
0.9507405757904053
0.9840681552886963
1.0173602104187012
1.050743818283081
1.0840485095977783
1.1173968315124512
1.1507339477539062
1.1840651035308838
1.2174062728881836
1.2507412433624268
1.284057378768921
1.3173959255218506
1.3507535457611084
1.3842039108276367
1.417447566986084
1.450716257095337
1.4840128421783447
1.5174124240875244
1.5507142543792725
1.5840516090393066
1.6174087524414062
1.6507182121276855
1.6840546131134033
1.7174034118652344
1.7507381439208984
1.784064531326294
1.8174023628234863
1.8507354259490967
1.8840703964233398
1.917503833770752
1.9507582187652588
1.984009027481079
2.0174014568328857
2.0507442951202393
2.0840442180633545
2.1174046993255615
2.1507341861724854
2.1840689182281494
2.2173893451690674
2.2506446838378906
2.2840704917907715
2.317384719848633
2.3507280349731445
2.38405179977417
2.417484998703003
2.450821876525879
2.4840803146362305
2.5174546241760254
2.5507538318634033
2.5840542316436768
2.6175265312194824
2.6507163047790527
2.684062957763672
2.7174742221832275
2.750710964202881
2.7840003967285156
2.817354440689087
2.8505823612213135
2.884046792984009
2.9174344539642334
2.9508278369903564
2.984133720397949
3.017488479614258
3.0505876541137695
3.0840697288513184
3.117431640625
3.150730609893799
3.1841113567352295
3.2174010276794434
3.250723123550415
3.284058094024658
3.3174033164978027
3.3507421016693115
3.384089469909668
3.417450189590454
3.4507839679718018
3.484178066253662
3.5174784660339355
3.5507311820983887
3.5840251445770264
3.617401123046875
3.6507227420806885
3.684065341949463
3.7174110412597656
3.750730514526367
3.783942222595215
3.817375421524048
3.850731611251831
3.884066104888916
3.917250633239746
3.950735330581665
3.9841113090515137
4.017456769943237
4.0505945682525635
4.084050178527832
4.117400407791138
4.150733709335327
4.184027194976807
4.217247486114502
4.250726222991943
4.284086465835571
4.31725811958313
4.350743770599365
4.3840954303741455
4.417402982711792
4.450684309005737
4.484063148498535
4.5175182819366455
4.5507588386535645
4.584115266799927
4.617398738861084
4.650738477706909
4.684068441390991
4.71738338470459
4.750709056854248
4.783987045288086
4.8173956871032715
4.850709438323975
4.884076356887817
4.917407989501953
4.950742721557617
4.984043598175049
5.017393589019775
5.050798177719116
5.084068298339844
5.117433786392212
5.150726079940796
5.184062242507935
5.217404127120972
5.250709772109985
5.284075975418091
5.317391633987427
5.350587368011475
5.383910417556763
5.417378664016724
5.450728178024292
5.484044313430786
5.517388343811035
5.550835847854614
5.584184646606445
5.617438554763794
5.65074610710144
5.684072256088257
5.717401742935181
5.750748872756958
5.784066438674927
5.8173768520355225
5.850600242614746
5.884057521820068
5.917305946350098
5.9505720138549805
5.984034538269043
6.017409563064575
6.050726890563965
6.084201097488403
6.117333173751831
6.150760173797607
6.184022903442383
6.217431306838989
6.250723361968994
6.283975124359131
6.317410707473755
6.350733041763306
6.384039878845215
6.417272329330444
6.450696706771851
6.484046220779419
6.51728367805481
6.550718307495117
6.584073305130005
6.617523908615112
6.650750637054443
6.684072971343994
6.717358589172363
6.750722646713257
6.78406834602356
6.817392826080322
6.850675344467163
6.8840696811676025
6.917380094528198
6.950711727142334
6.984073877334595
7.017378807067871
7.050731658935547
7.084068298339844
7.117384910583496
7.150805473327637
7.1840856075286865
7.217448472976685
7.2508251667022705
7.283990144729614
7.317389488220215
7.35065484046936
7.3840532302856445
7.417400121688843
7.450759649276733
7.484071731567383
7.517376184463501
7.550736427307129
7.584043502807617
7.617421865463257
7.650853157043457
7.684122085571289
7.717407941818237
7.750729560852051
7.7840657234191895
7.8174073696136475
7.850726127624512
7.884083032608032
7.917382478713989
7.950831890106201
7.984090805053711
8.017413139343262
8.050722599029541
8.084069013595581
8.117373704910278
8.150734424591064
8.18416953086853
8.217395544052124
8.250725984573364
8.284093379974365
8.31740403175354
8.350736141204834
8.383938074111938
8.417413711547852
8.450700998306274
8.484070777893066
8.517461776733398
