-0.07721227407455444	-16.768808364868164	-2.5578644275665283	20.629703521728516	1.3876452445983887	1.233271837234497	0.5221095085144043
7.103573799133301	-19.835519790649414	3.5834929943084717	20.478946685791016	1.0608019828796387	0.7983964085578918	0.4607692062854767
0.0021334290504455566	-16.237192153930664	-3.1291534900665283	21.038333892822266	1.4929308891296387	1.223201036453247	0.4003444015979767
-0.45410436391830444	-17.225046157836914	-3.2442047595977783	20.590030670166016	1.1660876274108887	1.342219591140747	-0.025375816971063614
-0.30334752798080444	-17.792367935180664	-3.2799103260040283	20.102054595947266	1.2988390922546387	1.243342638015747	0.014907386153936386
-0.34302037954330444	-17.752695083618164	-3.4703400135040283	20.066349029541016	1.4489855766296387	1.282710313796997	-0.20848128199577332
-0.41839879751205444	-17.828073501586914	-3.5100128650665283	19.990970611572266	1.4315905570983887	1.381587266921997	-0.20848128199577332
-0.5691556334495544	-17.641611099243164	-3.7004425525665283	19.804508209228516	1.5112414360046387	1.362361192703247	-0.3302464187145233
-0.5334500670433044	-17.978830337524414	-3.6250641345977783	19.915592193603516	1.4050402641296387	1.411799669265747	-0.3302464187145233
-0.6088284850120544	-17.526559829711914	-3.8154938220977783	20.102054595947266	1.3876452445983887	1.342219591140747	-0.3091892898082733
-0.7992581725120544	-17.752695083618164	-4.005923271179199	20.252811431884766	1.4050402641296387	1.332148790359497	-0.24876448512077332
-0.7199124693870544	-17.225046157836914	-3.9305450916290283	20.030643463134766	1.3693346977233887	1.371516466140747	-0.24876448512077332
-0.7992581725120544	-17.109994888305664	-4.120974540710449	20.030643463134766	1.3162341117858887	1.322077989578247	-0.2789768874645233
-0.9857205748558044	-16.768808364868164	-4.426455497741699	19.915592193603516	1.3345446586608887	1.282710313796997	-0.3302464187145233
-1.0650663375854492	-16.237192153930664	-4.386782646179199	19.693424224853516	1.3253893852233887	1.154536485671997	-0.2890476882457733
-0.7199124693870544	-15.745248794555664	-4.196352958679199	19.955265045166016	1.3345446586608887	1.095027208328247	-0.2991184890270233
-1.1007719039916992	-15.443735122680664	-4.692263603210449	20.066349029541016	1.3610949516296387	1.124324083328247	-0.2689060866832733
-0.6842069029808044	-14.951791763305664	-4.271731376647949	19.618045806884766	1.3345446586608887	1.064814805984497	-0.18833968043327332
-0.6842069029808044	-14.951791763305664	-4.271731376647949	19.618045806884766	1.3345446586608887	1.064814805984497	-0.18833968043327332
-0.8746365904808044	-14.646310806274414	-4.731936454772949	20.403568267822266	1.4489855766296387	1.193904161453247	-0.20848128199577332
-1.1007719039916992	-14.194040298461914	-4.692263603210449	19.768802642822266	1.3253893852233887	1.114253282546997	-0.2991184890270233
-0.9103421568870544	-13.511667251586914	-4.692263603210449	19.618045806884766	0.9903063178062439	1.114253282546997	-0.2689060866832733
-1.0650663375854492	-12.563486099243164	-4.731936454772949	20.066349029541016	0.6900133490562439	1.223201036453247	-0.16728255152702332
-0.9103421568870544	-12.412729263305664	-4.616885185241699	20.030643463134766	0.6012071967124939	1.095027208328247	-0.3091892898082733
-0.6445340514183044	-11.805734634399414	-4.311404228210449	19.391910552978516	0.4336656928062439	1.114253282546997	-0.2588352859020233
-1.1404447555541992	-11.123361587524414	-4.196352958679199	19.955265045166016	0.3988756537437439	1.134394884109497	-0.2890476882457733
-0.7992581725120544	-10.706796646118164	-4.045596122741699	19.990970611572266	0.4254259467124939	1.163691759109497	-0.4108128249645233
-0.7199124693870544	-9.988718032836914	-3.8908722400665283	19.618045806884766	0.4254259467124939	1.183833360671997	-0.3302464187145233
0.0021334290504455566	-9.421396255493164	-3.2045319080352783	19.729129791259766	0.5572618842124939	1.105098009109497	-0.3705296218395233
-0.45410436391830444	-8.663644790649414	-2.8990509510040283	19.840213775634766	0.5398668646812439	1.253413438796997	-0.2588352859020233
-0.9857205748558044	-8.473215103149414	-3.0537750720977783	19.915592193603516	0.4510607123374939	1.262568712234497	-0.3503880202770233
-1.1007719039916992	-7.866219997406006	-3.2799103260040283	19.955265045166016	0.5398668646812439	1.233271837234497	-0.3192600905895233
-0.7595853209495544	-7.564706325531006	-2.3277618885040283	19.804508209228516	0.6900133490562439	1.114253282546997	-0.24876448512077332
-0.6842069029808044	-6.957711696624756	-2.0619537830352783	19.804508209228516	0.6634630560874939	1.203974962234497	-0.2991184890270233
-0.49377721548080444	-6.691903591156006	-1.4113190174102783	19.729129791259766	0.5746569037437439	1.144465684890747	-0.2890476882457733
-0.6088284850120544	-6.275338649749756	-0.9947540760040283	19.879886627197266	0.6012071967124939	1.183833360671997	-0.3705296218395233
-0.5334500670433044	-5.819100856781006	-0.8043243885040283	19.729129791259766	0.4510607123374939	1.163691759109497	-0.3192600905895233
-0.49377721548080444	-5.708016872406006	0.03674006462097168	19.768802642822266	0.4693712592124939	1.173762559890747	-0.2588352859020233
-0.34302037954330444	-5.442208766937256	0.5683562755584717	19.542667388916016	0.4162706732749939	1.154536485671997	-0.2991184890270233
0.22826868295669556	-5.327157497406006	1.1436126232147217	20.066349029541016	0.5307115912437439	1.183833360671997	-0.3705296218395233
-0.49377721548080444	-5.517587184906006	1.8299529552459717	20.403568267822266	0.3366197943687439	1.213130235671997	-0.21855208277702332
0.41869837045669556	-5.251779079437256	1.9807097911834717	20.292484283447266	0.4162706732749939	1.292781114578247	-0.14714094996452332
0.03783899545669556	-4.458322048187256	3.0122039318084717	19.990970611572266	0.3631700873374939	1.441096544265747	-0.4108128249645233
0.34331995248794556	-5.101022243499756	3.5081145763397217	19.729129791259766	0.3988756537437439	1.431025743484497	-0.2789768874645233
0.49407678842544556	-5.557260036468506	4.194455146789551	20.217105865478516	0.3723253607749939	1.500605821609497	-0.20848128199577332
0.49407678842544556	-5.176400661468506	4.765744209289551	20.439273834228516	0.3805651068687439	1.519831895828247	-0.2890476882457733
0.5694552063941956	-6.235665798187256	4.841122627258301	20.217105865478516	0.4693712592124939	1.569270372390747	-0.3091892898082733
0.26794153451919556	-6.315011501312256	4.916501045227051	20.328189849853516	0.3988756537437439	1.618708848953247	-0.18833968043327332
0.8749361634254456	-6.465768337249756	5.717892646789551	19.990970611572266	0.4336656928062439	1.669062852859497	-0.3302464187145233
0.30364710092544556	-6.541146755218506	5.527462959289551	19.356204986572266	0.2926744818687439	1.560115098953247	-0.3192600905895233
0.07751184701919556	-7.298898220062256	5.487790107727051	19.542667388916016	0.4693712592124939	1.470393419265747	-0.3192600905895233
0.18859583139419556	-7.489327907562256	5.757565498352051	20.252811431884766	0.2487291842699051	1.678218126296997	-0.3806004226207733
0.26794153451919556	-7.830514430999756	6.138424873352051	19.693424224853516	0.3988756537437439	1.519831895828247	-0.2890476882457733
0.7598848938941956	-8.699350357055664	6.824765205383301	19.768802642822266	0.2569689154624939	1.648921251296997	-0.3192600905895233
1.1407442092895508	-8.473215103149414	7.054867744445801	20.141727447509766	0.2395739108324051	1.737727403640747	-0.21855208277702332
0.5337496399879456	-8.850107192993164	6.519284248352051	19.653751373291016	0.3897203803062439	1.579341173171997	-0.3604588210582733
0.41869837045669556	-9.873666763305664	6.404232978820801	19.729129791259766	0.5490221381187439	1.589411973953247	-0.3806004226207733
0.9106417298316956	-9.722909927368164	6.749386787414551	20.328189849853516	0.7248033881187439	1.767939805984497	-0.2789768874645233
0.37902551889419556	-10.516366958618164	6.328854560852051	19.879886627197266	0.9372057318687439	1.550044298171997	-0.4410252273082733
0.49407678842544556	-10.671091079711914	6.253476142883301	19.356204986572266	0.9903063178062439	1.519831895828247	-0.2991184890270233
0.6448336243629456	-10.631418228149414	6.328854560852051	19.693424224853516	1.0873522758483887	1.618708848953247	-0.3705296218395233
0.6091280579566956	-11.428842544555664	6.253476142883301	19.653751373291016	1.0342516899108887	1.490535020828247	-0.3806004226207733
0.6448336243629456	-11.313791275024414	6.063046455383301	19.804508209228516	1.0690417289733887	1.589411973953247	-0.4007420241832733
0.49407678842544556	-11.615304946899414	6.213803291320801	20.030643463134766	0.9985460638999939	1.579341173171997	-0.3302464187145233
0.30364710092544556	-12.337350845336914	5.602841377258301	20.590030670166016	1.0690417289733887	1.638850450515747	-0.3302464187145233
0.41869837045669556	-12.071542739868164	5.487790107727051	20.252811431884766	1.0168566703796387	1.658992052078247	-0.3906712234020233
0.34331995248794556	-12.678537368774414	5.642514228820801	19.990970611572266	1.0250964164733887	1.628779649734497	-0.4309544265270233
0.34331995248794556	-12.678537368774414	5.642514228820801	19.990970611572266	1.0250964164733887	1.628779649734497	-0.4309544265270233
0.49407678842544556	-12.373056411743164	5.567135810852051	20.328189849853516	1.0516467094421387	1.698359727859497	-0.2789768874645233
0.15289026498794556	-12.261972427368164	5.186276435852051	20.252811431884766	1.0690417289733887	1.658992052078247	-0.3302464187145233
0.26794153451919556	-12.527780532836914	5.146603584289551	20.177433013916016	1.0168566703796387	1.669062852859497	-0.3604588210582733
0.11321741342544556	-12.373056411743164	4.991879463195801	20.292484283447266	0.9903063178062439	1.688288927078247	-0.4007420241832733
0.0021334290504455566	-12.527780532836914	4.916501045227051	20.478946685791016	1.0516467094421387	1.718501329421997	-0.4309544265270233
-0.07721227407455444	-12.448434829711914	4.690365791320801	20.514652252197266	1.0250964164733887	1.698359727859497	-0.3503880202770233
-0.22796911001205444	-12.373056411743164	4.801449775695801	20.439273834228516	1.0168566703796387	1.688288927078247	-0.4620823562145233
-0.18829625844955444	-12.186594009399414	4.841122627258301	20.292484283447266	1.0077013969421387	1.698359727859497	-0.4108128249645233
-0.11291784048080444	-12.071542739868164	4.801449775695801	20.292484283447266	1.0077013969421387	1.708430528640747	-0.3906712234020233
0.0021334290504455566	-12.071542739868164	5.031552314758301	20.252811431884766	1.0342516899108887	1.698359727859497	-0.4620823562145233
-0.03753942251205444	-12.146921157836914	4.916501045227051	20.217105865478516	1.0168566703796387	1.698359727859497	-0.4108128249645233
-0.11291784048080444	-12.186594009399414	4.956173896789551	20.292484283447266	1.0342516899108887	1.688288927078247	-0.4721531569957733
-0.22796911001205444	-12.222299575805664	4.801449775695801	20.217105865478516	1.0077013969421387	1.708430528640747	-0.4822239577770233
-0.18829625844955444	-12.297677993774414	4.801449775695801	20.252811431884766	1.0342516899108887	1.698359727859497	-0.5124363899230957
-0.18829625844955444	-12.261972427368164	4.880795478820801	20.177433013916016	1.0250964164733887	1.708430528640747	-0.4721531569957733
-0.07721227407455444	-12.222299575805664	4.916501045227051	20.217105865478516	1.0516467094421387	1.708430528640747	-0.5325779914855957
-0.07721227407455444	-12.071542739868164	4.956173896789551	20.292484283447266	1.0342516899108887	1.718501329421997	-0.4108128249645233
-0.03753942251205444	-12.186594009399414	4.991879463195801	20.141727447509766	1.0342516899108887	1.718501329421997	-0.5225071907043457
-0.18829625844955444	-12.146921157836914	4.801449775695801	20.252811431884766	1.0168566703796387	1.727656602859497	-0.4620823562145233
-0.26764196157455444	-12.337350845336914	4.726071357727051	20.217105865478516	1.0250964164733887	1.727656602859497	-0.5225071907043457
-0.22796911001205444	-12.488107681274414	4.841122627258301	20.252811431884766	1.0342516899108887	1.727656602859497	-0.4410252273082733
-0.15259069204330444	-12.412729263305664	4.841122627258301	20.217105865478516	1.0168566703796387	1.737727403640747	-0.5426487922668457
-0.11291784048080444	-12.337350845336914	4.916501045227051	20.217105865478516	1.0342516899108887	1.737727403640747	-0.5225071907043457
-0.11291784048080444	-12.222299575805664	4.841122627258301	20.252811431884766	1.0424914360046387	1.747798204421997	-0.5325779914855957
-0.11291784048080444	-12.297677993774414	4.880795478820801	20.141727447509766	1.0424914360046387	1.718501329421997	-0.4922947585582733
-0.15259069204330444	-12.448434829711914	4.801449775695801	20.217105865478516	1.0424914360046387	1.727656602859497	-0.4922947585582733
-0.11291784048080444	-12.527780532836914	4.880795478820801	20.252811431884766	1.0424914360046387	1.737727403640747	-0.5023655891418457
-0.11291784048080444	-12.527780532836914	4.880795478820801	20.217105865478516	1.0424914360046387	1.747798204421997	-0.5527195930480957
-0.15259069204330444	-12.412729263305664	4.765744209289551	20.177433013916016	1.0424914360046387	1.737727403640747	-0.5225071907043457
-0.15259069204330444	-12.373056411743164	4.765744209289551	20.177433013916016	1.0342516899108887	1.727656602859497	-0.5829319953918457
-0.18829625844955444	-12.448434829711914	4.765744209289551	20.141727447509766	1.0424914360046387	1.747798204421997	-0.4721531569957733
-0.11291784048080444	-12.563486099243164	4.726071357727051	20.217105865478516	1.0424914360046387	1.737727403640747	-0.5728611946105957
-0.11291784048080444	-12.563486099243164	4.841122627258301	20.252811431884766	1.0516467094421387	1.727656602859497	-0.5426487922668457
-0.15259069204330444	-12.563486099243164	4.801449775695801	20.217105865478516	1.0516467094421387	1.727656602859497	-0.6140599250793457
-0.15259069204330444	-12.488107681274414	4.726071357727051	20.141727447509766	1.0424914360046387	1.757869005203247	-0.5325779914855957
-0.15259069204330444	-12.448434829711914	4.726071357727051	20.252811431884766	1.0342516899108887	1.747798204421997	-0.4922947585582733
-0.15259069204330444	-12.563486099243164	4.841122627258301	20.141727447509766	1.0342516899108887	1.747798204421997	-0.5829319953918457
-0.15259069204330444	-12.678537368774414	4.801449775695801	20.252811431884766	1.0424914360046387	1.737727403640747	-0.4922947585582733
-0.30334752798080444	-12.980051040649414	4.726071357727051	20.141727447509766	1.0250964164733887	1.747798204421997	-0.4822239577770233
-0.37872594594955444	-13.471994400024414	4.460263252258301	20.292484283447266	1.0250964164733887	1.727656602859497	-0.5829319953918457
-0.6088284850120544	-13.662424087524414	4.420590400695801	20.030643463134766	0.9454454779624939	1.708430528640747	-0.4620823562145233
-0.7992581725120544	-14.229745864868164	4.194455146789551	20.141727447509766	0.8841051459312439	1.628779649734497	-0.5225071907043457
-0.7992581725120544	-14.495553970336914	4.230160713195801	20.217105865478516	0.7165636420249939	1.569270372390747	-0.5023655891418457
-0.8746365904808044	-14.685983657836914	4.230160713195801	19.955265045166016	0.6543077826499939	1.302851915359497	-0.5930027961730957
-0.9103421568870544	-14.761362075805664	4.230160713195801	20.066349029541016	0.6277574896812439	1.312007188796997	-0.5527195930480957
-1.1404447555541992	-14.646310806274414	4.115109443664551	20.066349029541016	0.5307115912437439	1.302851915359497	-0.5930027961730957
-0.9857205748558044	-14.154367446899414	4.305539131164551	19.768802642822266	0.4693712592124939	1.302851915359497	-0.5930027961730957
-1.0253934860229492	-14.305124282836914	4.305539131164551	20.030643463134766	0.4336656928062439	1.272639513015747	-0.5829319953918457
-1.0253934860229492	-14.305124282836914	4.305539131164551	20.030643463134766	0.4336656928062439	1.272639513015747	-0.5829319953918457
-1.2158231735229492	-14.154367446899414	4.384884834289551	19.915592193603516	0.4428209662437439	1.262568712234497	-0.5124363899230957
-1.2912015914916992	-13.622751235961914	4.535641670227051	19.915592193603516	0.4071153998374939	1.253413438796997	-0.5930027961730957
-0.9857205748558044	-12.944345474243164	5.031552314758301	20.177433013916016	0.4510607123374939	1.183833360671997	-0.5728611946105957
-1.1404447555541992	-12.638864517211914	5.221982002258301	19.915592193603516	0.2395739108324051	1.223201036453247	-0.5325779914855957
-0.9500150084495544	-11.845407485961914	5.376706123352051	20.102054595947266	0.4162706732749939	1.262568712234497	-0.5527195930480957
-1.4062528610229492	-11.238412857055664	5.337033271789551	19.502994537353516	0.3100695013999939	1.173762559890747	-0.5225071907043457
-0.8349637389183044	-10.365610122680664	6.213803291320801	19.955265045166016	0.2395739108324051	1.362361192703247	-0.4410252273082733
-1.2912015914916992	-9.913339614868164	6.253476142883301	19.502994537353516	0.4336656928062439	1.105098009109497	-0.4620823562145233
-1.0650663375854492	-9.421396255493164	6.519284248352051	19.467288970947266	0.3457750678062439	1.183833360671997	-0.3604588210582733
-1.2554960250854492	-7.981271266937256	6.785092353820801	19.840213775634766	0.3366197943687439	1.282710313796997	-0.3302464187145233
-1.1007719039916992	-7.298898220062256	6.900143623352051	19.094364166259766	0.3805651068687439	1.223201036453247	-0.3302464187145233
-1.2912015914916992	-5.743722438812256	7.435727119445801	19.241153717041016	0.2661241888999939	1.282710313796997	-0.3705296218395233
-0.7199124693870544	-4.910592555999756	8.12206745147705	19.280826568603516	0.3192247748374939	1.213130235671997	-0.3403172194957733
-1.2554960250854492	-4.343270778656006	7.852292060852051	18.566715240478516	0.3988756537437439	1.124324083328247	-0.4208836257457733
-0.07721227407455444	-3.736276149749756	9.11388874053955	18.757144927978516	0.5224718451499939	1.352290391921997	-0.2588352859020233
-1.0650663375854492	-1.3122650384902954	8.7687349319458	18.269168853759766	0.2221788913011551	1.233271837234497	-0.3091892898082733
-1.0650663375854492	-0.7846161127090454	8.69335651397705	18.118412017822266	0.3988756537437439	1.163691759109497	-0.23869368433952332
-0.11291784048080444	-0.364083856344223	9.6097993850708	18.007328033447266	0.4071153998374939	1.322077989578247	-0.3302464187145233
-1.1404447555541992	1.6036895513534546	9.5304536819458	17.670108795166016	0.2926744818687439	1.144465684890747	-0.3302464187145233
-1.1007719039916992	2.171011447906494	9.45507526397705	17.146427154541016	0.3366197943687439	1.253413438796997	-0.22862288355827332
-0.5334500670433044	3.269949436187744	10.5222749710083	17.182132720947266	0.3988756537437439	1.312007188796997	-0.3192600905895233
0.41869837045669556	4.900503635406494	11.5537691116333	16.733829498291016	0.3805651068687439	1.223201036453247	-0.3192600905895233
-0.8349637389183044	6.185904026031494	11.3236665725708	16.471988677978516	0.2038683444261551	1.105098009109497	-0.2789768874645233
-0.49377721548080444	6.602468967437744	11.1729097366333	16.170475006103516	0.2487291842699051	1.124324083328247	-0.3906712234020233
0.34331995248794556	6.868277072906494	12.3551607131958	15.646793365478516	0.3897203803062439	1.362361192703247	-0.3192600905895233
-0.11291784048080444	8.193349838256836	13.00182819366455	15.611087799072266	0.3192247748374939	1.223201036453247	-0.2588352859020233
-0.34302037954330444	8.423452377319336	12.5059175491333	15.833255767822266	0.3723253607749939	1.352290391921997	-0.3806004226207733
0.5694552063941956	9.748525619506836	13.3469820022583	15.571414947509766	0.3723253607749939	1.451167345046997	-0.3403172194957733
-0.37872594594955444	10.883169174194336	13.61279010772705	14.861270904541016	0.3018297553062439	1.144465684890747	-0.3192600905895233
0.30364710092544556	11.605215072631836	13.7278413772583	14.861270904541016	0.3274645209312439	1.322077989578247	-0.3091892898082733
-0.18829625844955444	12.549428939819336	15.0608491897583	14.373294830322266	0.2926744818687439	1.223201036453247	-0.2789768874645233
0.45440393686294556	12.854909896850586	14.56493854522705	13.738529205322266	0.3540148138999939	1.302851915359497	-0.3403172194957733
0.03783899545669556	14.064931869506836	15.74718952178955	13.214847564697266	0.2130236178636551	1.163691759109497	-0.2991184890270233
1.0653657913208008	14.029226303100586	15.51708698272705	13.325931549072266	0.3805651068687439	1.401728868484497	-0.3091892898082733
0.03783899545669556	15.318593978881836	16.588253021240234	12.762577056884766	0.2487291842699051	1.253413438796997	-0.23869368433952332
0.6448336243629456	15.163869857788086	16.663631439208984	12.314273834228516	0.3631700873374939	1.292781114578247	-0.24876448512077332
0.7202120423316956	16.377859115600586	17.234920501708984	11.005069732666016	0.2752794623374939	1.173762559890747	-0.3503880202770233
1.1010713577270508	16.492910385131836	17.349971771240234	11.865970611572266	0.2395739108324051	1.391658067703247	-0.3091892898082733
0.45440393686294556	17.587881088256836	18.075984954833984	10.703556060791016	0.3631700873374939	1.124324083328247	-0.3806004226207733
0.6845064759254456	17.667226791381836	18.341793060302734	11.076480865478516	0.4336656928062439	1.243342638015747	-0.3091892898082733
0.30364710092544556	17.968740463256836	18.532222747802734	10.179874420166016	0.2752794623374939	1.213130235671997	-0.3192600905895233
0.6091280579566956	18.194875717163086	18.873409271240234	10.477420806884766	0.2661241888999939	1.282710313796997	-0.22862288355827332
0.22826868295669556	18.952627182006836	19.369319915771484	10.330631256103516	0.3540148138999939	1.302851915359497	-0.2588352859020233
0.6845064759254456	19.067678451538086	19.369319915771484	9.541141510009766	0.3805651068687439	1.282710313796997	-0.17735335230827332
0.7598848938941956	19.635000228881836	19.714473724365234	9.953739166259766	0.3540148138999939	1.272639513015747	-0.23869368433952332
0.7995577454566956	20.317373275756836	19.865230560302734	8.866703033447266	0.3100695013999939	1.253413438796997	-0.3302464187145233
0.8749361634254456	20.583181381225586	19.865230560302734	9.057132720947266	0.3192247748374939	1.292781114578247	-0.3906712234020233
0.6091280579566956	21.265554428100586	20.436519622802734	9.505435943603516	0.3192247748374939	1.352290391921997	-0.22862288355827332
0.6091280579566956	21.265554428100586	20.436519622802734	9.505435943603516	0.3192247748374939	1.352290391921997	-0.22862288355827332
0.7995577454566956	21.682119369506836	20.551570892333984	9.092838287353516	0.2835192084312439	1.312007188796997	-0.3403172194957733
0.45440393686294556	21.527395248413086	20.361141204833984	8.533451080322266	0.2926744818687439	1.154536485671997	-0.4007420241832733
0.5694552063941956	21.908254623413086	20.551570892333984	8.680240631103516	0.2487291842699051	1.223201036453247	-0.3906712234020233
0.22826868295669556	22.098684310913086	21.011775970458984	8.981754302978516	0.2835192084312439	1.272639513015747	-0.3403172194957733
0.7202120423316956	22.550954818725586	20.742000579833984	8.569156646728516	0.2661241888999939	1.213130235671997	-0.3091892898082733
0.5337496399879456	22.324819564819336	20.666622161865234	8.081180572509766	0.2395739108324051	1.144465684890747	-0.3806004226207733
0.5337496399879456	22.590627670288086	20.781673431396484	8.795291900634766	0.2487291842699051	1.193904161453247	-0.3192600905895233
0.49407678842544556	22.666006088256836	20.781673431396484	8.156558990478516	0.2130236178636551	1.163691759109497	-0.3091892898082733
0.6091280579566956	22.892141342163086	20.896724700927734	8.307315826416016	0.2130236178636551	1.163691759109497	-0.4108128249645233
0.26794153451919556	22.550954818725586	20.781673431396484	8.569156646728516	0.1782335788011551	1.173762559890747	-0.4007420241832733
0.18859583139419556	22.590627670288086	20.666622161865234	8.644535064697266	0.1425280123949051	1.163691759109497	-0.4007420241832733
0.22826868295669556	22.701711654663086	20.551570892333984	8.680240631103516	0.06287713348865509	1.144465684890747	-0.3906712234020233
0.34331995248794556	22.590627670288086	20.436519622802734	8.604862213134766	0.07203240692615509	1.154536485671997	-0.4620823562145233
0.15289026498794556	22.364492416381836	20.515865325927734	8.866703033447266	0.04548211395740509	1.154536485671997	-0.3604588210582733
-0.11291784048080444	22.285146713256836	20.400814056396484	8.906375885009766	0.03632684051990509	1.144465684890747	-0.4208836257457733
-0.15259069204330444	22.059011459350586	20.400814056396484	8.942081451416016	0.009776546619832516	1.124324083328247	-0.3806004226207733
-0.07721227407455444	22.059011459350586	20.476192474365234	8.981754302978516	0.0015368005260825157	1.134394884109497	-0.2991184890270233
0.07751184701919556	22.209768295288086	20.400814056396484	8.906375885009766	-0.01677374541759491	1.134394884109497	-0.16728255152702332
0.07751184701919556	22.249441146850586	20.476192474365234	8.830997467041016	0.0015368005260825157	1.134394884109497	-0.20848128199577332
0.03783899545669556	22.249441146850586	20.591243743896484	8.942081451416016	-0.02501349151134491	1.124324083328247	-0.16728255152702332
0.03783899545669556	22.098684310913086	20.515865325927734	8.942081451416016	-0.007618472911417484	1.114253282546997	-0.11692854762077332
0.0021334290504455566	22.059011459350586	20.476192474365234	8.981754302978516	-0.03416876494884491	1.114253282546997	-0.13707014918327332
-0.07721227407455444	22.059011459350586	20.591243743896484	8.942081451416016	-0.05156378448009491	1.105098009109497	-0.056503746658563614
-0.11291784048080444	22.059011459350586	20.630916595458984	9.017459869384766	-0.06071905791759491	1.114253282546997	0.014907386153936386
0.03783899545669556	22.098684310913086	20.551570892333984	9.017459869384766	-0.06071905791759491	1.105098009109497	-0.06657454371452332
0.03783899545669556	22.134389877319336	20.591243743896484	8.906375885009766	-0.03416876494884491	1.105098009109497	-0.005234215408563614
0.0021334290504455566	22.134389877319336	20.630916595458984	8.866703033447266	-0.06895880401134491	1.084956407546997	-0.005234215408563614
0.03783899545669556	22.023305892944336	20.551570892333984	8.981754302978516	-0.07811407744884491	1.095027208328247	0.06526139378547668
-0.03753942251205444	22.059011459350586	20.630916595458984	8.942081451416016	-0.05156378448009491	1.105098009109497	-0.035446617752313614
-0.03753942251205444	22.023305892944336	20.591243743896484	8.942081451416016	-0.06071905791759491	1.084956407546997	0.024978186935186386
0.0021334290504455566	22.059011459350586	20.591243743896484	8.942081451416016	-0.08726935088634491	1.095027208328247	0.07533219456672668
0.0021334290504455566	22.059011459350586	20.591243743896484	8.906375885009766	-0.09550909698009491	1.095027208328247	0.07533219456672668
0.0021334290504455566	22.098684310913086	20.630916595458984	8.942081451416016	-0.10466437041759491	1.095027208328247	0.014907386153936386
0.03783899545669556	22.098684310913086	20.666622161865234	8.866703033447266	-0.11381964385509491	1.105098009109497	0.12660172581672668
0.07751184701919556	22.098684310913086	20.666622161865234	8.906375885009766	-0.09550909698009491	1.095027208328247	0.09638932347297668
0.03783899545669556	21.983633041381836	20.742000579833984	8.942081451416016	-0.11381964385509491	1.064814805984497	0.09638932347297668
-0.11291784048080444	22.023305892944336	20.666622161865234	8.942081451416016	-0.11381964385509491	1.064814805984497	0.09638932347297668
0.07751184701919556	22.059011459350586	20.706295013427734	8.906375885009766	-0.11381964385509491	1.095027208328247	0.08540299534797668
-0.03753942251205444	22.059011459350586	20.666622161865234	8.942081451416016	-0.12205938994884491	1.064814805984497	0.024978186935186386
-0.07721227407455444	22.098684310913086	20.666622161865234	8.866703033447266	-0.12205938994884491	1.084956407546997	0.055190589278936386
0.07751184701919556	22.134389877319336	20.706295013427734	8.906375885009766	-0.11381964385509491	1.095027208328247	0.055190589278936386
0.11321741342544556	22.059011459350586	20.666622161865234	8.906375885009766	-0.1312146633863449	1.095027208328247	0.06526139378547668
0.03783899545669556	22.023305892944336	20.781673431396484	8.866703033447266	-0.1312146633863449	1.095027208328247	0.014907386153936386
0.03783899545669556	22.023305892944336	20.630916595458984	8.981754302978516	-0.1403699368238449	1.064814805984497	0.004836585372686386
-0.03753942251205444	22.059011459350586	20.742000579833984	8.866703033447266	-0.1486096829175949	1.064814805984497	0.09638932347297668
-0.22796911001205444	21.717824935913086	20.476192474365234	8.719913482666016	-0.1751599758863449	1.084956407546997	0.06526139378547668
-0.03753942251205444	21.868581771850586	20.361141204833984	8.533451080322266	-0.1751599758863449	1.134394884109497	0.10646012425422668
-0.18829625844955444	21.376638412475586	20.019954681396484	8.267642974853516	-0.1751599758863449	1.381587266921997	0.06526139378547668
-0.11291784048080444	21.301259994506836	19.599422454833984	8.081180572509766	-0.1751599758863449	1.420954942703247	0.14674332737922668
-0.45410436391830444	21.190176010131836	19.639095306396484	7.930424213409424	-0.1403699368238449	1.401728868484497	0.24836686253547668
-0.45410436391830444	21.190176010131836	19.639095306396484	7.930424213409424	-0.1403699368238449	1.401728868484497	0.24836686253547668
-0.49377721548080444	21.190176010131836	19.369319915771484	7.708256244659424	-0.03416876494884491	1.461238145828247	0.2886500656604767
-0.6088284850120544	20.924367904663086	19.369319915771484	7.859013080596924	-0.05156378448009491	1.470393419265747	0.2584376633167267
-0.45410436391830444	20.924367904663086	19.369319915771484	7.783634662628174	0.0015368005260825157	1.470393419265747	0.3289332687854767
-0.7199124693870544	21.225881576538086	19.714473724365234	7.930424213409424	0.03632684051990509	1.441096544265747	0.3701319992542267
-0.6445340514183044	20.769643783569336	19.599422454833984	7.783634662628174	0.08027215301990509	1.519831895828247	0.3188624680042267
-0.18829625844955444	21.682119369506836	19.674800872802734	7.970097064971924	0.09858269989490509	1.519831895828247	0.3087916672229767
-0.6842069029808044	20.884695053100586	19.674800872802734	7.668583393096924	0.11597771942615509	1.461238145828247	0.2886500656604767
-0.30334752798080444	21.376638412475586	20.361141204833984	8.005802154541016	0.10682244598865509	1.579341173171997	0.2987208664417267
-0.9103421568870544	21.376638412475586	20.400814056396484	7.930424213409424	0.10682244598865509	1.441096544265747	0.3490748703479767
-0.8349637389183044	21.682119369506836	20.476192474365234	8.120853424072266	0.1864733248949051	1.589411973953247	0.3802028000354767
0.0021334290504455566	21.035451889038086	20.666622161865234	7.597172260284424	0.2752794623374939	1.451167345046997	0.3490748703479767
-0.45410436391830444	21.452016830444336	20.706295013427734	7.259953022003174	0.2221788913011551	1.322077989578247	0.2584376633167267
-0.5334500670433044	22.023305892944336	21.848873138427734	7.708256244659424	0.10682244598865509	1.470393419265747	0.2886500656604767
-0.7595853209495544	21.527395248413086	21.428340911865234	8.307315826416016	0.11597771942615509	1.560115098953247	0.3591456711292267
0.03783899545669556	21.793203353881836	21.468013763427734	7.406742572784424	0.1333727389574051	1.480464220046997	0.2785792648792267
-0.03753942251205444	21.757497787475586	22.229732513427734	6.922733783721924	0.2395739108324051	1.519831895828247	0.2886500656604767
-0.30334752798080444	21.757497787475586	22.078975677490234	7.743961811065674	0.2395739108324051	1.560115098953247	0.21723893284797668
-0.41839879751205444	21.527395248413086	23.031124114990234	7.184574604034424	0.3631700873374939	1.648921251296997	0.3289332687854767
-0.6842069029808044	21.908254623413086	22.650264739990234	7.446415424346924	0.2038683444261551	1.431025743484497	0.3289332687854767
0.0021334290504455566	22.209768295288086	22.840694427490234	7.597172260284424	0.2130236178636551	1.569270372390747	0.2886500656604767
-0.34302037954330444	21.793203353881836	23.185848236083984	6.621220111846924	0.2752794623374939	1.519831895828247	0.3802028000354767
-0.34302037954330444	21.757497787475586	23.031124114990234	7.371037006378174	0.1864733248949051	1.519831895828247	0.23829606175422668
-0.9103421568870544	22.174062728881836	23.757137298583984	6.922733783721924	0.3100695013999939	1.470393419265747	0.24836686253547668
-0.30334752798080444	21.491689682006836	23.642086029052734	6.922733783721924	0.2926744818687439	1.638850450515747	0.23829606175422668
-0.49377721548080444	21.908254623413086	23.983272552490234	7.109196186065674	0.1599230319261551	1.618708848953247	0.3188624680042267
-0.07721227407455444	21.983633041381836	23.947566986083984	6.696598529815674	0.2487291842699051	1.618708848953247	0.4003444015979767
0.07751184701919556	21.908254623413086	24.022945404052734	6.621220111846924	0.1425280123949051	1.698359727859497	0.3802028000354767
-0.30334752798080444	22.134389877319336	24.669612884521484	6.208622455596924	0.1782335788011551	1.609553575515747	0.4104152023792267
-0.11291784048080444	21.832876205444336	24.062618255615234	6.395084857940674	0.2395739108324051	1.638850450515747	0.4406276047229767
-0.5691556334495544	21.452016830444336	24.062618255615234	6.359379291534424	0.1956285983324051	1.658992052078247	0.4708400070667267
-0.30334752798080444	21.717824935913086	24.594234466552734	6.208622455596924	0.1864733248949051	1.727656602859497	0.3802028000354767
-0.6445340514183044	21.868581771850586	24.518856048583984	6.172916889190674	0.1425280123949051	1.698359727859497	0.4104152023792267
-0.49377721548080444	21.452016830444336	24.173702239990234	5.986454486846924	0.1425280123949051	1.678218126296997	0.4708400070667267
-0.18829625844955444	21.606740951538086	24.062618255615234	5.796024799346924	0.10682244598865509	1.698359727859497	0.3490748703479767
-0.18829625844955444	21.567068099975586	24.137996673583984	5.724613666534424	0.11597771942615509	1.727656602859497	0.4104152023792267
-0.6842069029808044	21.416311264038086	23.947566986083984	5.911076068878174	0.05463738739490509	1.737727403640747	0.4708400070667267
-0.37872594594955444	21.225881576538086	23.792842864990234	5.835697650909424	0.07203240692615509	1.727656602859497	0.4607692062854767
-0.34302037954330444	21.110830307006836	23.336605072021484	5.573856830596924	0.05463738739490509	1.638850450515747	0.3591456711292267
-0.45410436391830444	21.110830307006836	23.487361907958984	5.609562397003174	0.05463738739490509	1.589411973953247	0.4607692062854767
